       jd             rh            delta   phase                  r                  g
--------- -------------- ---------------- ------- ------------------ ------------------
2458041.5 2.643316936501 1.88930732942083 16.7988  18.70087279539556 19.198663144945627
2458042.5  2.64456046884 1.88235253304433 16.5659 18.686190632715697 19.183980982265762
2458043.5  2.64579720589 1.87557989671052 16.3306 18.671577599971393 19.169367949521458
2458044.5 2.647027137403 1.86899377516429 16.0933 18.657053018357228 19.154843367907294
2458045.5 2.648250253225 1.86259844602415 15.8543 18.642632946092196  19.14042329564226
2458046.5 2.649466543295 1.85639808932302 15.6139 18.628333443241697 19.126123792791763
2458047.5 2.650675997647 1.85039677214727 15.3725 18.614173912174603  19.11196426172467
2458048.5 2.651878606408  1.8445984384626 15.1303  18.60016698970503 19.097957339255096
2458049.5 2.653074359795 1.83900690345403  14.888  18.58634216810253 19.084132517652595
2458050.5 2.654263248119 1.83362585109406 14.6457 18.572708612606036   19.0704989621561
2458051.5 2.655445261781 1.82845883338306 14.4042 18.559299242212592 19.057089591762658
2458052.5 2.656620391271 1.82350926981734 14.1637 18.546126527010237 19.043916876560303
2458053.5 2.657788627172 1.81878044604279 13.9248  18.53321657081326 19.031006920363325
2458054.5 2.658949960153 1.81427551122325 13.6881  18.52059552879934 19.018385878349406
2458055.5 2.660104380972 1.80999747430959 13.4541 18.508286129194076  19.00607647874414
2458056.5 2.661251880477 1.80594920011589 13.2234  18.49631459275187 18.994104942301934
2458057.5 2.662392449601 1.80213340688548 12.9967  18.48471071843777 18.982501067987837
2458058.5 2.663526079364 1.79855266776977 12.7746  18.47350092917037 18.971291278720436
2458059.5 2.664652760872 1.79520941904084 12.5578  18.46271531101597 18.960505660566035
2458060.5 2.665772485317 1.79210597733046 12.3469 18.452380620790052 18.950170970340118
2458061.5 2.666885243976 1.78924456606954 12.1428  18.44253456670547 18.940324916255534
2458062.5 2.667991028206 1.78662734750655 11.9461 18.433204563426003 18.930994912976068
2458063.5 2.669089829452 1.78425645253192 11.7575  18.42442197616441 18.922212325714476
2458064.5 2.670181639237 1.78213399869753  11.578  18.41622949213534 18.914019841685406
2458065.5 2.671266449166 1.78026208944531 11.4082 18.408655859557932 18.906446209107997
2458066.5 2.672344250928 1.77864279387551 11.2489 18.401737469672547 18.899527819222612
2458067.5  2.67341503629 1.77727811272344 11.1008 18.395507406390482 18.893297755940548
2458068.5   2.6744787971 1.77616993907559 10.9647  18.39000263381094 18.887792983361006
2458069.5 2.675535525286 1.77532002116161 10.8413  18.38525651732783 18.883046866877894
2458070.5 2.676585212855 1.77472993128286 10.7312 18.381298589047987 18.879088938598052
2458071.5 2.677627851895  1.7744010418722 10.6351 18.378161773867927 18.875952123417992
2458072.5 2.678663434569 1.77433450793679 10.5535 18.375871037577095  18.87366138712716
2458073.5 2.679691953122 1.77453125466667 10.4868 18.374446844376113  18.87223719392618
2458074.5 2.680713399874 1.77499196923924 10.4354 18.373908701049995  18.87169905060006
2458075.5 2.681727767222  1.7757170962701 10.3996 18.374271238066925  18.87206158761699
2458076.5 2.682735047639 1.77670683662174 10.3796 18.375544049547177 18.873334399097242
2458077.5 2.683735233675 1.77796114928353 10.3754  18.37772781662173 18.875518166171794
2458078.5 2.684728317952 1.77947975584619 10.3869 18.380818022296854  18.87860837184692
2458079.5  2.68571429317 1.78126214686286  10.414  18.38480873374533 18.882599083295396
2458080.5 2.686693152099 1.78330758926581 10.4565  18.38968889790655 18.887479247456614
2458081.5 2.687664887583 1.78561513408088 10.5139 18.395434957759665  18.89322530730973
2458082.5 2.688629492539 1.78818362396331 10.5858   18.4020260506217 18.899816400171765
2458083.5 2.689586959954 1.79101170053662 10.6717 18.409436670440492 18.907227019990557
2458084.5 2.690537282889 1.79409781210492 10.7709  18.41763316936008 18.915423518910146
2458085.5 2.691480454471 1.79744022298156 10.8829  18.42658886278165 18.924379212331715
2458086.5   2.6924164679 1.80103702634043 11.0068 18.436261943987645  18.93405229353771
2458087.5 2.693345316446 1.80488616291054 11.1419  18.44661796662983 18.944408316179896
2458088.5 2.694266993445 1.80898544750964 11.2875 18.457622542041136   18.9554128915912
2458089.5 2.695181492305 1.81333260365522 11.4427 18.469234194104864  18.96702454365493
2458090.5 2.696088806501  1.8179253028888 11.6068   18.4814191374925 18.979209487042567
2458091.5 2.696988929576 1.82276120085493 11.7791  18.49414399297998 18.991934342530044
2458092.5 2.697881855142 1.82783795936141 11.9587 18.507368656403916  19.00515900595398
2458093.5  2.69876757688 1.83315324594186 12.1448 18.521057198638456  19.01884754818852
2458094.5 2.699646088542 1.83870471025732 12.3369 18.535184874012682 19.032975223562747
2458095.5  2.70051738395 1.84448994562836  12.534 18.549709467216307 19.047499816766372
2458096.5 2.701381456994 1.85050644825895 12.7356 18.564606911718446  19.06239726126851
2458097.5 2.702238301641 1.85675158442635  12.941  18.57984624443238 19.077636593982447
2458098.5 2.703087911928 1.86322257010392 13.1495 18.595396713016726  19.09318706256679
2458099.5 2.703930281963 1.86991646231212 13.3606  18.61123471706845 19.109025066618514
2458100.5  2.70476540593 1.87683015894939 13.5737 18.627333233620572 19.125123583170637
2458101.5 2.705593278082 1.88396040362786 13.7882  18.64366533921238 19.141455688762445
2458102.5 2.706413892744 1.89130379297204 14.0037 18.660211099111915  19.15800144866198
2458103.5 2.707227244311 1.89885678498722 14.2196 18.676943709305704  19.17473405885577
2458104.5 2.708033327247 1.90661570799871 14.4355  18.69384331422216 19.191633663772226
2458105.5 2.708832136082 1.91457677017159  14.651  18.71089007583745 19.208680425387517
2458106.5 2.709623665412 1.92273606977718 14.8657 18.728064189417108 19.225854538967173
2458107.5 2.710407909895 1.93108960628518 15.0793 18.745349286077214  19.24313963562728
2458108.5 2.711184864252 1.93963329216484 15.2913 18.762722273392477 19.260512622942542
2458109.5 2.711954523266  1.9483629651119 15.5015  18.78017028141565 19.277960630965715
2458110.5 2.712716881778 1.95727440038923 15.7097 18.797680461371886  19.29547081092195
2458111.5 2.713471934687 1.96636332313269 15.9154 18.815229982971605  19.31302033252167
2458112.5 2.714219676951 1.97562542082753 16.1186 18.832812862616258 19.330603212166324
2458113.5 2.714960103585 1.98505635664794 16.3189 18.850409833339388 19.348200182889453
2458114.5  2.71569320966 1.99465178486231 16.5162 18.868011750629872 19.365802100179938
2458115.5 2.716418990303 2.00440736984021 16.7102 18.885602957431715  19.38339330698178
2458116.5 2.717137440699 2.01431881000393 16.9009 18.903177874766634   19.4009682243167
2458117.5 2.717848556086 2.02438186684867 17.0881   18.9207244744214 19.418514823971467
2458118.5 2.718552331758 2.03459239650056 17.2716 18.938230955670928 19.436021305220994
2458119.5 2.719248763065 2.04494637753086 17.4514  18.95569230757075 19.453482657120816
2458120.5 2.719937845411 2.05543992577535 17.6272  18.97309394209593 19.470884291645994
2458121.5 2.720619574256  2.0660692878146 17.7991 18.990434566174013  19.48822491572408
2458122.5 2.721293945115 2.07683081127369 17.9669 19.007703282850112 19.505493632400178
2458123.5 2.721960953556 2.08772089947683 18.1306 19.024895839330703  19.52268618888077
2458124.5 2.722620595205 2.09873596404758 18.2901 19.042004814408873  19.53979516395894
2458125.5 2.723272865742 2.10987238777396 18.4453  19.05902283860791 19.556813188157975
2458126.5 2.723917760901 2.12112650340766 18.5961 19.075942572209097 19.573732921759163
2458127.5 2.724555276474  2.1324945872111 18.7425 19.092759907463982 19.590550257014048
2458128.5 2.725185408303 2.14397286243768 18.8845 19.109470738317857 19.607261087867922
2458129.5 2.725808152291 2.15555750762531  19.022  19.12606777444757 19.623858123997636
2458130.5 2.726423504389  2.1672446660178  19.155 19.142546962632505  19.64033731218257
2458131.5 2.727031460606 2.17903045417025 19.2834 19.158901096322207 19.656691445872273
2458132.5 2.727632017004 2.19091096915025 19.4073 19.175129389537783  19.67291973908785
2458133.5 2.728225169698 2.20288229458253 19.5265 19.191221556940793 19.689011906490858
2458134.5 2.728810914859 2.21494050618301 19.6412 19.207180083262898 19.704970432812964
2458135.5 2.729389248707 2.22708167751066 19.7513 19.222997975715526  19.72078832526559
2458136.5  2.72996016752 2.23930188652919 19.8569 19.238674644424705  19.73646499397477
2458137.5 2.730523667624 2.25159722331103 19.9578  19.25420008281548 19.751990432365545
2458138.5 2.731079745401 2.26396379893554 20.0542 19.269577004658352 19.767367354208417
2458139.5 2.731628397284 2.27639775544245 20.1461 19.284801880541046  19.78259223009111
2458140.5 2.732169619759 2.28889527668394 20.2335 19.299871276944398 19.797661626494463
2458141.5 2.732703409362 2.30145260009647 20.3164 19.314781865607284  19.81257221515735
2458142.5 2.733229762682 2.31406602971513 20.3948 19.329530433653254  19.82732078320332
2458143.5  2.73374867636  2.3267319510098 20.4688 19.344117030429786  19.84190737997985
2458144.5 2.734260147087 2.33944684806965 20.5385 19.358541833922118 19.856332183472183
2458145.5 2.734764171604 2.35220732297003 20.6038 19.372798907190223  19.87058925674029
2458146.5 2.735260746706 2.36501011556488 20.6649  19.38689187683728 19.884682226387344
2458147.5 2.735749869236 2.37785211958244 20.7217 19.400815155855724  19.89860550540579
2458148.5 2.736231536086 2.39073038874056 20.7743  19.41456959547697 19.912359945027035
2458149.5 2.736705744202 2.40364212654472 20.8229 19.428159328997975  19.92594967854804
2458150.5 2.737172490575 2.41658465720045 20.8673 19.441576136496643  19.93936648604671
2458151.5 2.737631772251 2.42955538201175 20.9077 19.454824380790903  19.95261473034097
2458152.5 2.738083586323 2.44255173187873 20.9441 19.467902231714824  19.96569258126489
2458153.5 2.738527929934 2.45557112770554 20.9766 19.480810991267397 19.978601340817463
2458154.5 2.738964800277 2.46861095601648 21.0051 19.493545723683376  19.99133607323344
2458155.5 2.739394194595 2.48166856037563 21.0298 19.506110824841354  20.00390117439142
2458156.5 2.739816110178 2.49474124440082 21.0507  19.51850444962024 20.016294799170307
2458157.5 2.740230544368 2.50782628075933 21.0677  19.53072164102689 20.028511990576956
2458158.5 2.740637494554 2.52092092157299 21.0811  19.54276989727688 20.040560246826946
2458159.5 2.741036958174 2.53402240753754 21.0907  19.55464117316061 20.052431522710677
2458160.5 2.741428932713 2.54712797473153 21.0966 19.566336779591904  20.06412712914197
2458161.5 2.741813415705 2.56023485921931  21.099 19.577861161496394  20.07565151104646
2458162.5 2.742190404733 2.57334030019511 21.0978 19.589209459064467 20.086999808614532
2458163.5 2.742559897425 2.58644154271772  21.093  19.60037995169096 20.098170301241026
2458164.5 2.742921891458 2.59953584114908 21.0848 19.611377170921823  20.10916752047189
2458165.5 2.743276384555 2.61262046427696 21.0732 19.622199462159614  20.11998981170968
2458166.5 2.743623374486 2.62569270278636 21.0582 19.632845210396262 20.130635559946327
2458167.5 2.743962859068 2.63874987929701 21.0399 19.643315959729538 20.141106309279603
2458168.5 2.744294836164 2.65178936070895 21.0184 19.653613312395635   20.1514036619457
2458169.5 2.744619303681 2.66480857223838 20.9936 19.663732710439568 20.161523059989634
2458170.5 2.744936259574 2.67780501238379 20.9656  19.67367589865029 20.171466248200357
2458171.5 2.745245701842 2.69077626812677 20.9346  19.68344782847306 20.181238178023126
2458172.5 2.745547628531 2.70372002977417 20.9006 19.693047320565043  20.19083767011511
2458173.5 2.745842037728 2.71663410473178 20.8635 19.702470180439818 20.200260529989883
2458174.5 2.746128927568 2.72951642893812 20.8235 19.711721681627555  20.20951203117762
2458175.5  2.74640829623 2.74236507369451 20.7807 19.720804100373243  20.21859444992331
2458176.5 2.746680141937  2.7551782446409 20.7351  19.72971670489727 20.227507054447337
2458177.5 2.746944462956 2.76795426954551 20.6867   19.7384588609314 20.236249210481464
2458178.5   2.7472012576 2.78069157334994 20.6355  19.74703000944712 20.244820358997185
2458179.5 2.747450524226  2.7933886426281 20.5818  19.75543902945989 20.253229379009955
2458180.5  2.74769226124 2.80604398575964 20.5254 19.763679174402405  20.26146952395247
2458181.5 2.747926467089 2.81865609717223 20.4664 19.771753071938214  20.26954342148828
2458182.5 2.748153140273 2.83122343244412 20.4049 19.779663325732212 20.277453675282278
2458183.5 2.748372279337 2.84374439681126 20.3409 19.787409367373495  20.28519971692356
2458184.5 2.748583882874 2.85621734525564 20.2745  19.79499373109498 20.292784080645045
2458185.5 2.748787949531 2.86864058990362 20.2056 19.802412635339394  20.30020298488946
2458186.5 2.748984478002 2.88101241027602 20.1344  19.80967170804041 20.307462057590474
2458187.5 2.749173467037 2.89333106312318 20.0608 19.816767125678066  20.31455747522813
2458188.5 2.749354915433 2.90559479011179  19.985 19.823704505653044  20.32149485520311
2458189.5 2.749528822046 2.91780182290902 19.9068 19.830476847686775  20.32826719723684
2458190.5 2.749695185779  2.9299503860825 19.8265 19.837092927857277 20.334883277407343
2458191.5 2.749854005591 2.94203869878378 19.7439 19.843545730134096  20.34133607968416
2458192.5  2.75000528049 2.95406497651548 19.6593 19.849844050856458 20.347634400406523
2458193.5 2.750149009536 2.96602743444316 19.5725 19.855980864075455  20.35377121362552
2458194.5 2.750285191839 2.97792429364728 19.4836  19.86195864576663 20.359748995316696
2458195.5 2.750413826557  2.9897537913286 19.3927 19.867779895986892 20.365570245536958
2458196.5 2.750534912893 3.00151419522768 19.2998  19.87344396534897 20.371234314899034
2458197.5   2.7506484501 3.01320382150093  19.205  19.87895342451878 20.376743774068846
2458198.5 2.750754437475 3.02482105430097 19.1083  19.88430771291077 20.382098062460834
2458199.5 2.750852874358  3.0363643647041 19.0098 19.889509524364588 20.387299873914653
2458200.5 2.750943760135 3.04783232663539 18.9094 19.894555234921842 20.392345584471908
2458201.5 2.751027094235 3.05922362796721 18.8073 19.899450894362992 20.397241243913058
2458202.5 2.751102876131 3.07053707565064 18.7034  19.90419303332522 20.401983382875287
2458203.5 2.751171105338 3.08177159421983 18.5979 19.908787882988584  20.40657823253865
2458204.5 2.751231781416 3.09292621720194 18.4907  19.91323211860554 20.411022468155604
2458205.5 2.751284903965   3.104000071149  18.382 19.917532124480694  20.41532247403076
2458206.5 2.751330472632 3.11499235263072 18.2716 19.921681441772368 20.419471791322433
2458207.5 2.751368487104 3.12590229982814 18.1598  19.92568976222192 20.423480111771987
2458208.5 2.751398947115 3.13672916202538 18.0465 19.929553873341806 20.427344222891872
2458209.5  2.75142185244  3.1474721714522 17.9317  19.93327376297884 20.431064112528905
2458210.5 2.751437202898 3.15813052171978 17.8155 19.936852630440193 20.434642979990258
2458211.5 2.751444998352 3.16870335536341 17.6979  19.94029039336755 20.438080742917617
2458212.5 2.751445238711 3.17918976051802 17.5789  19.94358692081838 20.441377270368445
2458213.5 2.751437923926  3.1895887746453 17.4586 19.946745303461203  20.44453565301127
2458214.5 2.751423053992 3.19989939224262  17.337 19.949765341888465  20.44755569143853
2458215.5  2.75140062895 3.21012057361175 17.2141   19.9526468034162 20.450437152966266
2458216.5 2.751370648884 3.22025125259671 17.0899  19.95538942738965 20.453179776939717
2458217.5 2.751333113925 3.23029034221157 16.9645 19.957996219466388 20.455786569016453
2458218.5 2.751288024246 3.24023673797271  16.838 19.960470187398144  20.45826053694821
2458219.5 2.751235380066 3.25008931945171 16.7102  19.96280443450015 20.460594784050215
2458220.5 2.751175181648 3.25984695112134 16.5813 19.965005230125474  20.46279557967554
2458221.5 2.751107429302 3.26950848402778 16.4513 19.967072243321482 20.464862592871548
2458222.5 2.751032123382 3.27907276015097 16.3202  19.96900512635632 20.466795475906384
2458223.5 2.750949264286 3.28853862134256  16.188 19.970803520084107 20.468593869634173
2458224.5 2.750858852459 3.29790492418647 16.0548 19.972470397947536   20.4702607474976
2458225.5  2.75076088839 3.30717056080739 15.9207 19.974008770733132 20.471799120283197
2458226.5 2.750655372615  3.3163344836936 15.7856  19.97541500579843 20.473205355348494
2458227.5 2.750542305714  3.3253957306649 15.6496  19.97669219524053 20.474482544790597
2458228.5 2.750421688313 3.33435344519347 15.5127 19.977840149531403  20.47563049908147
2458229.5 2.750293521084 3.34320688803448  15.375  19.97886210766352 20.476652457213586
2458230.5 2.750157804745 3.35195543828163 15.2365 19.979758018506317 20.477548368056382
2458231.5 2.750014540059 3.36059858444699 15.0972 19.980527881477265  20.47831823102733
2458232.5 2.749863727837 3.36913590785948 14.9572 19.981175125566562 20.478965475116627
2458233.5 2.749705368933 3.37756706117325 14.8165  19.98169983312756 20.479490182677626
2458234.5 2.749539464249 3.38589174444204 14.6751 19.982102092354744  20.47989244190481
2458235.5 2.749366014734 3.39410968069647 14.5331 19.982385395082783  20.48017574463285
2458236.5 2.749185021381 3.40222059268686 14.3905  19.98254981455725 20.480340164107314
2458237.5  2.74899648523  3.4102241824259 14.2474  19.98259881411612 20.480389163666185
2458238.5 2.748800407368 3.41812011509478 14.1037 19.982528958344254  20.48031930789432
2458239.5 2.748596788929 3.42590800846359 13.9595  19.98234361442777 20.480133963977835
2458240.5  2.74838563109  3.4335874281647 13.8148 19.982042662319238 20.479833011869303
2458241.5 2.748166935078 3.44115788817252 13.6697 19.981629383010834   20.4794197325609
2458242.5 2.747940702164  3.4486188550399 13.5241   19.9811000794699 20.478890429019966
2458243.5 2.747706933667 3.45596975407401 13.3782  19.98046141116094 20.478251760711007
2458244.5 2.747465630952 3.46320997574192 13.2319 19.979709571702593 20.477499921252658
2458245.5  2.74721679543 3.47033888103845 13.0852  19.97884416425667 20.476634513806736
2458246.5  2.74696042856  3.4773558051467 12.9383 19.977871765584794  20.47566211513486
2458247.5 2.746696531846  3.4842600593451 12.7911 19.976788402992057 20.474578752542122
2458248.5 2.746425106839 3.49105093172951 12.6437 19.975597077782627 20.473387427332693
2458249.5 2.746146155139 3.49772768794117 12.4961 19.974297229459467 20.472087579009532
2458250.5 2.745859678389 3.50428957371676 12.3483 19.972888239855664  20.47067858940573
2458251.5 2.745565678282 3.51073582157736 12.2004 19.971373006689383  20.46916335623945
2458252.5 2.745264156555 3.51706566401449 12.0524 19.969750843451813  20.46754119300188
2458253.5 2.744955114994 3.52327835460546 11.9045  19.96802822103396 20.465818570584027
2458254.5 2.744638555431 3.52937319622586 11.7565 19.966197253380855  20.46398760293092
2458255.5 2.744314479745 3.53534957226605 11.6086 19.964264441513496  20.46205479106356
2458256.5 2.743982889861 3.54120697395903 11.4608 19.962229132724666  20.46001948227473
2458257.5 2.743643787753 3.54694501656775 11.3132 19.960094350417922 20.457884699967988
2458258.5 2.743297175438  3.5525634401453 11.1658 19.957859530858595  20.45564988040866
2458259.5 2.742943054984 3.55806209548931 11.0187  19.95552780879996 20.453318158350026
2458260.5 2.742581428503 3.56344092001081  10.872 19.953102382283603  20.45089273183367
2458261.5 2.742212298154 3.56869990962798 10.7256  19.95057906003826 20.448369409588327
2458262.5 2.741835666144 3.57383909163738 10.5797 19.947964760209327 20.445755109759393
2458263.5 2.741451534725 3.57885850128612 10.4343 19.945258985524845  20.44304933507491
2458264.5 2.741059906195 3.58375816285473 10.2895   19.9424649598537 20.440255309403767
2458265.5 2.740660782899 3.58853807503612 10.1453 19.939582126525806 20.437372476075872
2458266.5 2.740254167229 3.59319820014278 10.0018   19.9366136806307 20.434404030180765
2458267.5 2.739840061625 3.59773845679342   9.859  19.93355899383197 20.431349343382035
2458268.5 2.739418468572 3.60215871586386  9.7171 19.930425096887944  20.42821544643801
2458269.5 2.738989390606 3.60645879944832  9.5761  19.92721136815784 20.425001717707907
2458270.5 2.738552830309 3.61063848236824  9.4361 19.923921042451592 20.421711392001658
2458271.5 2.738108790315 3.61469749549958  9.2971 19.920553467142682 20.418343816692747
2458272.5 2.737657273309 3.61863553000622  9.1593 19.917115874841453  20.41490622439152
2458273.5 2.737198282028 3.62245224155675  9.0226 19.913603704963812 20.411394054513877
2458274.5 2.736731819264 3.62614725378217  8.8873 19.910028338722718 20.407818688272783
2458275.5 2.736257887863 3.62972016057553  8.7534 19.906389336349278 20.404179685899344
2458276.5 2.735776490728 3.63317052730738   8.621  19.90269033134654 20.400480680896607
2458277.5 2.735287630817 3.63649789162261  8.4901 19.898930968992754  20.39672131854282
2458278.5 2.734791311149 3.63970176518996   8.361 19.895123325457355  20.39291367500742
2458279.5   2.7342875348 3.64278163853166  8.2338 19.891271532809025  20.38906188235909
2458280.5 2.733776304903 3.64573699161749  8.1084  19.88737147837351 20.385161827923575
2458281.5 2.733257624649 3.64856731272878  7.9852  19.88344017525696 20.381230524807027
2458282.5 2.732731497288 3.65127212644729  7.8642 19.879478157832633   20.3772685073827
2458283.5 2.732197926126 3.65385102812634  7.7455  19.87549038050398 20.373280730054045
2458284.5 2.731656914524 3.65630371779777  7.6293 19.871486418782666 20.369276768332732
2458285.5 2.731108465902  3.6586300237837  7.5157  19.86747190305901 20.365262252609075
2458286.5  2.73055258373 3.66082990807156   7.405  19.86346160904839 20.361251958598455
2458287.5 2.729989271538 3.66290345176868  7.2971 19.859453073560935    20.357243423111
2458288.5 2.729418532905 3.66485082603829  7.1925  19.85547078899416 20.353261138544227
2458289.5 2.728840371467 3.66667225756564  7.0911 19.851512905800746  20.34930325535081
2458290.5 2.728254790911 3.66836799657355  6.9931   19.8475912184865 20.345381568036565
2458291.5 2.727661794978 3.66993829172681  6.8988  19.84372248401692 20.341512833566984
2458292.5 2.727061387463 3.67138337266506  6.8083 19.839914650966314  20.33770500051638
2458293.5 2.726453572212 3.67270343881314  6.7218 19.836180503149244  20.33397085269931
2458294.5 2.725838353125 3.67389865253987  6.6394  19.83252838392813 20.330318733478194
2458295.5 2.725215734156 3.67496913505438  6.5614  19.82897623018256 20.326766579732624
2458296.5 2.724585719312 3.67591496404081  6.4879 19.825532753931142 20.323323103481208
2458297.5 2.723948312655 3.67673617256892  6.4191  19.82221150141706 20.320001850967124
2458298.5   2.7233035183 3.67743274912895  6.3551 19.819021285806276  20.31681163535634
2458299.5 2.722651340417 3.67800463871128  6.2962   19.8159805926171 20.313770942167167
2458300.5 2.721991783233 3.67845174475964  6.2424 19.813093333220507 20.310883682770573
2458301.5 2.721324851026 3.67877393167664  6.1941 19.810382816256208 20.308173165806274
2458302.5 2.720650548135 3.67897102746136  6.1511 19.807842777550178 20.305633127100243
2458303.5 2.719968878951 3.67904282609001  6.1139  19.80550111956341 20.303291469113475
2458304.5 2.719279847923 3.67898908945639  6.0823 19.803350899082798 20.301141248632863
2458305.5 2.718583459558 3.67880954908841  6.0566  19.80140952051815 20.299199870068215
2458306.5 2.717879718417 3.67850390844967  6.0369 19.799684065762754  20.29747441531282
2458307.5 2.717168629123 3.67807184738142  6.0231  19.79817111873869 20.295961468288755
2458308.5 2.716450196353  3.6775130309852  6.0154 19.796881710516203  20.29467206006627
2458309.5 2.715724424845 3.67682712559365  6.0138 19.795816331477592 20.293606681027658
2458310.5 2.714991319395 3.67601382371939  6.0183 19.794974907488935    20.292765257039
2458311.5 2.714250884857 3.67507287725148  6.0288  19.79435181985328 20.292142169403345
2458312.5 2.713503126147 3.67400413372415  6.0455    19.793955932025 20.291746281575065
2458313.5 2.712748048241 3.67280756610664  6.0682 19.793775626086923  20.29156597563699
2458314.5 2.711985656175 3.67148328572466  6.0968 19.793803873019314  20.29159422256938
2458315.5 2.711215955047 3.67003153284959  6.1313  19.79403821741597 20.291828566966036
2458316.5 2.710438950015 3.66845264803679  6.1716  19.79447085758239 20.292261207132455
2458317.5 2.709654646302 3.66674703396538  6.2176  19.79509366549857 20.292884015048635
2458318.5 2.708863049188  3.6649151185035  6.2691 19.795893339426257 20.293683688976323
2458319.5  2.70806416402 3.66295732589585   6.326 19.796861280901968 20.294651630452034
2458320.5 2.707257996203 3.66087405795833  6.3882  19.79798868938376 20.295779038933826
2458321.5 2.706444551209 3.65866568371976  6.4554 19.799257021477597 20.297047371027663
2458322.5  2.70562383457 3.65633253467882  6.5276 19.800662164555813  20.29845251410588
2458323.5 2.704795851881   3.653874903052  6.6045 19.802185644085547 20.299975993635613
2458324.5 2.703960608804 3.65129304120071  6.6861 19.803823330182617 20.301613679732682
2458325.5 2.703118111061 3.64858716128365  6.7721 19.805557021547028 20.303347371097093
2458326.5 2.702268364442 3.64575743484195  6.8623  19.80737350117021 20.305163850720277
2458327.5   2.7014113748 3.64280399242946  6.9566  19.80926439643298 20.307054745983045
2458328.5 2.700547148054 3.63972692356609  7.0549 19.811221477043052 20.309011826593117
2458329.5 2.699675690187 3.63652627726911  7.1568 19.813223153340758 20.311013502890823
2458330.5  2.69879700725 3.63320206328293  7.2623 19.815266355643953  20.31305670519402
2458331.5 2.697911105359  3.6297542539786  7.3713 19.817343631883617 20.315133981433682
2458332.5 2.697017990697 3.62618278683062  7.4835  19.81943895314016 20.317229302690226
2458333.5 2.696117669515  3.6224875674865  7.5988   19.8215455263391 20.319335875889166
2458334.5  2.69521014813 3.61866847377088   7.717 19.823652462593003  20.32144281214307
2458335.5 2.694295432928 3.61472536150286   7.838  19.82575353141868 20.323543880968746
2458336.5 2.693373530363 3.61065807364719  7.9617  19.82784273122792 20.325633080777987
2458337.5 2.692444446957 3.60646645479913  8.0878  19.82990586765638 20.327696217206444
2458338.5 2.691508189302 3.60215037281148  8.2164  19.83194597653051 20.329736326080575
2458339.5  2.69056476406  3.5977097478382  8.3472 19.833949485820856  20.33173983537092
2458340.5 2.689614177963 3.59314458581615  8.4801 19.835911572091337 20.333701921641403
2458341.5 2.688656437814  3.5884550092439   8.615  19.83782767242495 20.335618021975016
2458342.5 2.687691550485 3.58364127557127  8.7517 19.839689435744244  20.33747978529431
2458343.5 2.686719522924 3.57870377553318  8.8903  19.84150093668663 20.339291286236694
2458344.5 2.685740362146 3.57364301064985  9.0304 19.843246285685186 20.341036635235252
2458345.5 2.684754075241  3.5684595570078  9.1722   19.8449338956274 20.342724245177465
2458346.5  2.68376066937 3.56315402627863  9.3153  19.84654838939375 20.344338738943815
2458347.5 2.682760151765  3.5577270330893  9.4598 19.848094371855193  20.34588472140526
2458348.5  2.68175252973 3.55217917288035  9.6056  19.84956856436392 20.347358913913986
2458349.5 2.680737810644 3.54651100982557  9.7526 19.850967764663956  20.34875811421402
2458350.5 2.679716001954 3.54072307199788  9.9007  19.85228883226857 20.350079181818636
2458351.5 2.678687111183 3.53481585057174 10.0499 19.853532488116947 20.351322837667013
2458352.5 2.677651145924 3.52878980052079    10.2 19.854691826415703  20.35248217596577
2458353.5 2.676608113845 3.52264534122697  10.351  19.85576759746852 20.353557947018587
2458354.5 2.675558022687 3.51638285627708 10.5029   19.8567604909459 20.354550840495964
2458355.5 2.674500880264  3.5100026923723 10.6555  19.85766367662165 20.355454026171717
2458356.5 2.673436694465  3.5035051577156 10.8089  19.85848153984174 20.356271889391806
2458357.5 2.672365473255 3.49689052048801 10.9629 19.859207243019277 20.356997592569343
2458358.5 2.671287224674 3.49015900809183 11.1175 19.859841365306426 20.357631714856492
2458359.5 2.670201956839  3.4833108077477 11.2727 19.860384406743858 20.358174756293923
2458360.5 2.669109677949 3.47634606884347 11.4284 19.860833147809622 20.358623497359687
2458361.5 2.668010396279 3.46926490724269 11.5845  19.86118435628305 20.358974705833116
2458362.5  2.66690412019 3.46206741168641 11.7411 19.861442010074374  20.35923235962444
2458363.5 2.665790858125 3.45475365254229  11.898 19.861599166689548 20.359389516239613
2458364.5 2.664670618613 3.44732369345494 12.0552  19.86165610330066 20.359446452850726
2458365.5 2.663543410271 3.43977760676883 12.2127   19.8616130436584 20.359403393208467
2458366.5 2.662409241806  3.4321154936019 12.3705  19.86147017253305 20.359260522083115
2458367.5 2.661268122014 3.42433750869064 12.5284  19.86122056253675 20.359010912086816
2458368.5 2.660120059783 3.41644388826839 12.6864  19.86086444765256 20.358654797202625
2458369.5 2.658965064092 3.40843497650901 12.8445 19.860402074967496  20.35819242451756
2458370.5 2.657803144015 3.40031124374441 13.0026 19.859830208830385  20.35762055838045
2458371.5 2.656634308717  3.3920732897737 13.1608 19.859152689448603  20.35694303899867
2458372.5 2.655458567454 3.38372182935082 13.3188 19.858359383916646  20.35614973346671
2458373.5 2.654275929577 3.37525766302711 13.4768 19.857457687442384  20.35524803699245
2458374.5 2.653086404526 3.36668164140646 13.6346 19.856441026893282 20.354231376443348
2458375.5 2.651890001834 3.35799463171227 13.7923  19.85531325414177 20.353103603691835
2458376.5 2.650686731123 3.34919749258997 13.9497  19.85406778933115 20.351858138881216
2458377.5 2.649476602106 3.34029105879367 14.1069  19.85270839386251 20.350498743412576
2458378.5 2.648259624589 3.33127613418784 14.2638   19.8512318738371 20.349022223387166
2458379.5 2.647035808467 3.32215349013069 14.4205 19.849641858573417 20.347432208123482
2458380.5 2.645805163725 3.31292386636405 14.5768  19.84793164995895 20.345721999509017
2458381.5 2.644567700444 3.30358797225822 14.7327  19.84610137624901 20.343891725799075
2458382.5 2.643323428792 3.29414648711406 14.8882 19.844151114786033   20.3419414643361
2458383.5 2.642072359033  3.2846000589812 15.0434  19.84208427990076 20.339874629450826
2458384.5 2.640814501524 3.27494930207843  15.198 19.839890687276775  20.33768103682684
2458385.5 2.639549866715 3.26519479341837 15.3522  19.83757705297247 20.335367402522536
2458386.5 2.638278465149 3.25533706964514 15.5059 19.835139887130218 20.332930236680284
2458387.5 2.637000307468 3.24537662533243 15.6591  19.83257903378426 20.330369383334325
2458388.5 2.635715404407 3.23531391398598 15.8117  19.82989093818846 20.327681287738525
2458389.5 2.634423766799 3.22514935270646 15.9638 19.827078707383578 20.324869056933643
2458390.5 2.633125405572 3.21488333096204 16.1152 19.824135380669574  20.32192573021964
2458391.5 2.631820331756 3.20451622336373  16.266 19.821063998474497 20.318854348024562
2458392.5 2.630508556478 3.19404840592992 16.4161 19.817860916320335   20.3156512658704
2458393.5 2.629190090965 3.18348027516302 16.5655 19.814525821677734   20.3123161712278
2458394.5 2.627864946546 3.17281226923487 16.7142  19.81105840991337 20.308848759463437
2458395.5 2.626533134652  3.1620448904096 16.8621 19.807455105318226  20.30524545486829
2458396.5 2.625194666817 3.15117872723474 17.0091 19.803712401234066  20.30150275078413
2458397.5 2.623849554677 3.14021447396481 17.1553 19.799833437062073  20.29762378661214
2458398.5 2.622497809977 3.12915294359594 17.3007  19.79581811576414 20.293608465314204
2458399.5 2.621139444563 3.11799507069116  17.445 19.791656606749154  20.28944695629922
2458400.5 2.619774470392 3.10674190170379 17.5884 19.787355530503763  20.28514588005383
2458401.5 2.618402899525 3.09539457368243 17.7308 19.782911741474578 20.280702091024644
2458402.5 2.617024744132 3.08395428569351 17.8722 19.778325401039098 20.276115750589163
2458403.5 2.615640016491 3.07242226915518 18.0125  19.77359344149101 20.271383791041075
2458404.5 2.614248728989 3.06079976262113 18.1516 19.768712815862777 20.266503165412843
2458405.5 2.612850894123 3.04908799405982 18.2896 19.763686942791306  20.26147729234137
2458406.5   2.6114465245 3.03728817087312 18.4265 19.758515968454766  20.25630631800483
2458407.5 2.610035632838 3.02540147597105 18.5621 19.753193578186448 20.250983927736513
2458408.5 2.608618231968 3.01342906747845 18.6965 19.747723109787838 20.245513459337904
2458409.5 2.607194334833 3.00137207978261 18.8296 19.742101439454718 20.239891789004783
2458410.5 2.605763954489  2.9892316241805 18.9614 19.736328638152315  20.23411898770238
2458411.5 2.604327104108 2.97700878803924 19.0919  19.73040474789756 20.228195097447625
2458412.5 2.602883796977 2.96470463202717  19.221 19.724326591644537 20.222116941194603
2458413.5 2.601434046498 2.95232018561779 19.3487   19.7180941616632 20.215884511213265
2458414.5 2.599977866191 2.93985644175173  19.475 19.711707410223376  20.20949775977344
2458415.5 2.598515269694 2.92731435222988 19.5998 19.705163074060724  20.20295342361079
2458416.5 2.597046270763 2.91469482594297 19.7231   19.6984610310343 20.196251380584364
2458417.5 2.595570883274 2.90199873214185 19.8449  19.69160111402969 20.189391463579756
2458418.5 2.594089121222 2.88922691035795 19.9651  19.68457996152095 20.182370311071015
2458419.5 2.592600998727 2.87638018728181 20.0837  19.67739735673934 20.175187706289407
2458420.5 2.591106530027 2.86345939927828 20.2007  19.67005307286933 20.167843422419395
2458421.5 2.589605729487 2.85046541790783  20.316 19.662543750856095  20.16033410040616
2458422.5 2.588098611596 2.83739917534991 20.4296 19.654869216516147 20.152659566066212
2458423.5 2.586585190969 2.82426168702156 20.5413 19.647023077711587 20.144813427261653
2458424.5 2.585065482346 2.81105406950935 20.6513  19.63901155238484 20.136801901934906
2458425.5 2.583539500599  2.7977775526408 20.7593 19.630825277305814  20.12861562685588
2458426.5 2.582007260724 2.78443348486262 20.8654  19.62246749792009 20.120257847470157
2458427.5 2.580468777851 2.77102333125466 20.9696 19.613938406533627 20.111728756083693
2458428.5 2.578924067239 2.75754866391409 21.0717 19.605232046618006 20.103022396168072
2458429.5 2.577373144277 2.74401114538968 21.1716 19.596345663738486  20.09413601328855
2458430.5 2.575816024488  2.7304125071763 21.2695 19.587285877293855  20.08507622684392
2458431.5 2.574252723527   2.716754526414 21.3651  19.57804380595141 20.075834155501475
2458432.5 2.572683257182 2.70303900423407 21.4585  19.56862301255132 20.066413362101386
2458433.5 2.571107641375 2.68926774844479 21.5496 19.559020859663438 20.056811209213503
2458434.5 2.569525892161 2.67544256180219 21.6384  19.54923780481832 20.047028154368384
2458435.5 2.567938025733  2.6615652356073 21.7247 19.539268118482802 20.037058468032868
2458436.5 2.566344058418 2.64763754731479 21.8087  19.52911841494199 20.026908764492056
2458437.5 2.564744006681 2.63366126038914 21.8901 19.518779865088085  20.01657021463815
2458438.5 2.563137887121 2.61963812468595  21.969 19.508255970612247 20.006046320162312
2458439.5 2.561525716479 2.60556987596168 22.0453  19.49754405554548 19.995334405095544
2458440.5 2.559907511631 2.59145823357824 22.1189  19.48664143685887 19.984431786408937
2458441.5 2.558283289595 2.57730489603763 22.1899  19.47555155924228 19.973341908792346
2458442.5 2.556653067526 2.56311153470546 22.2581 19.464268628033093  19.96205897758316
2458443.5 2.555016862721 2.54887978702313 22.3236  19.45279602910354 19.950586378653604
2458444.5 2.553374692618 2.53461125159474 22.3862 19.441127912584015  19.93891826213408
2458445.5 2.551726574797 2.52030748843333 22.4459  19.42926452853316 19.927054878083226
2458446.5 2.550072526982 2.50597002772509 22.5026 19.417203036088388 19.914993385638454
2458447.5 2.548412567042 2.49160038907687 22.5563  19.40494364297178 19.902733992521846
2458448.5 2.546746712993 2.47720011031306 22.6069 19.392483511053914  19.89027386060398
2458449.5 2.545074983002 2.46277078153864 22.6544  19.37982290237577 19.877613251925837
2458450.5 2.543397395386 2.44831407815124 22.6987   19.3669590978754 19.864749447425467
2458451.5 2.541713968618 2.43383178695053 22.7397  19.35388948104425 19.851679830594314
2458452.5 2.540024721328 2.41932582206342 22.7773 19.340611554712794  19.83840190426286
2458453.5 2.538329672307 2.40479823046543 22.8115 19.327125997067217 19.824916346617282
2458454.5 2.536628840506 2.39025118894118 22.8421   19.3134275161426 19.811217865692665
2458455.5  2.53492224504 2.37568699493404 22.8691 19.299517039386767 19.797307388936833
2458456.5 2.533209905193 2.36110805335958 22.8925  19.28539560514666 19.783185954696727
2458457.5 2.531491840413 2.34651686084344  22.912  19.27105521860625 19.768845568156316
2458458.5 2.529768070317 2.33191598849601 22.9278 19.256503200105055  19.75429354965512
2458459.5 2.528038614692 2.31730806434256 22.9396  19.24173172179365 19.739522071343714
2458460.5 2.526303493494 2.30269575668432 22.9474 19.226742151474593 19.724532501024658
2458461.5 2.524562726848 2.28808175967862 22.9512 19.211535905873376  19.70932625542344
2458462.5 2.522816335052  2.2734687821196 22.9508 19.196108355690324  19.69389870524039
2458463.5 2.521064338572 2.25885953980957 22.9462  19.18046099246818 19.678251342018246
2458464.5 2.519306758047 2.24425675122274 22.9373  19.16459229513593 19.662382644685994
2458465.5 2.517543614288 2.22966313559355  22.924 19.148500771753987 19.646291121304053
2458466.5 2.515774928278 2.21508141223794 22.9062 19.132184958967688 19.629975308517754
2458467.5 2.514000721173 2.20051429985541  22.884 19.115649512439283  19.61343986198935
2458468.5 2.512221014302  2.1859645147189 22.8571 19.098886935476433 19.596677285026498
2458469.5  2.51043582917 2.17143476701028 22.8256  19.08190193713669 19.579692286686754
2458470.5 2.508645187458 2.15692775512892 22.7893  19.06469010642339 19.562480455973457
2458471.5 2.506849111023 2.14244615868201 22.7482  19.04725313765488 19.545043487204946
2458472.5   2.5050476219 2.12799263211529 22.7022 19.029589681970798 19.527380031520863
2458473.5 2.503240742301 2.11356980240852 22.6512 19.011698390229657 19.509488739779723
2458474.5  2.50142849462 2.09918027531923 22.5952 18.993580973521226  19.49137132307129
2458475.5 2.499610901431   2.084826654188  22.534  18.97523305944496 19.473023408995026
2458476.5 2.497787985493 2.07051157230094 22.4675 18.956653383663504  19.45444373321357
2458477.5 2.495959769747 2.05623773461129 22.3958  18.93784690734145 19.435637256891514
2458478.5 2.494126277323  2.0420079598112 22.3186 18.918806500193917 19.416596849743982
2458479.5 2.492287531537 2.02782521265187  22.236 18.899537468333904  19.39732781788397
2458480.5 2.490443555895 2.01369262013046 22.1477 18.880033065372444  19.37782341492251
2458481.5 2.488594374096 1.99961347124442 22.0537 18.860295956349823  19.35808630589989
2458482.5 2.486740010029 1.98559120472887 21.9539 18.840325946315335   19.3381162958654
2458483.5 2.484880487778 1.97162939064176 21.8483 18.820126112043834   19.3179164615939
2458484.5 2.483015831619 1.95773171048351 21.7366 18.799690459657274  19.29748080920734
2458485.5 2.481146066028 1.94390193843608 21.6189 18.779025478088286  19.27681582763835
2458486.5 2.479271215674 1.93014392456582  21.495 18.758128543358087 19.255918892908152
2458487.5 2.477391305426 1.91646157991269 21.3648 18.737000235609564  19.23479058515963
2458488.5 2.475506360353 1.90285886316947 21.2284 18.715647453539994  19.21343780309006
2458489.5 2.473616405723 1.88933976881985 21.0856 18.694067901253113  19.19185825080318
2458490.5 2.471721467008 1.87590831684313 20.9362  18.67225934491934 19.170049694469405
2458491.5 2.469821569882 1.86256854419843 20.7804 18.650232090566558 19.148022440116623
2458492.5 2.467916740223  1.8493244981992  20.618  18.62798406544689 19.125774414996954
2458493.5 2.466007004118 1.83618023161991 20.4489 18.605516365161634   19.1033067147117
2458494.5 2.464092387857 1.82313979905452 20.2731 18.582833279338278 19.080623628888343
2458495.5 2.462172917943 1.81020725378876 20.0906 18.559939171754056 19.057729521304122
2458496.5 2.460248621086 1.79738664434519 19.9013  18.53683531787128 19.034625667421345
2458497.5 2.458319524209 1.78468200996531 19.7052  18.51352619252297 19.011316542073036
2458498.5 2.456385654447 1.77209737465376 19.5022 18.490013150665483  18.98780350021555
2458499.5 2.454447039151 1.75963674009816 19.2924  18.46630392722868 18.964094276778745
2458500.5 2.452503705885 1.74730407886541 19.0756 18.442396747487393  18.94018709703746
2458501.5 2.450555682431 1.73510333073142  18.852  18.41830260512712 18.916092954677186
2458502.5  2.44860299679 1.72303840643001 18.6215  18.39402296240621 18.891813311956277
2458503.5 2.446645677183 1.71111320350276 18.3841 18.369562515583727 18.867352865133793
2458504.5 2.444683752052 1.69933163684168 18.1398 18.344926046768403  18.84271639631847
2458505.5 2.442717250063 1.68769768120996 17.8887 18.320121723638376  18.81791207318844
2458506.5 2.440746200107 1.67621541628716 17.6307 18.295151437931338 18.792941787481404
2458507.5 2.438770631306 1.66488906105357 17.3659 18.270023815314392 18.767814164864458
2458508.5 2.436790573006 1.65372298726673 17.0944 18.244747784810148 18.742538134360213
2458509.5 2.434806054788  1.6427217100835 16.8162 18.219329267104623  18.71711961665469
2458510.5 2.432817106462 1.63188986195011 16.5314  18.19377768720218 18.691568036752244
2458511.5 2.430823758073 1.62123215915504 16.2401   18.1681026568502 18.665893006400264
2458512.5 2.428826039899  1.6107533688087 15.9424 18.142313907759206  18.64010425730927
2458513.5 2.426823982452 1.60045828028764 15.6385 18.116424576236156  18.61421492578622
2458514.5 2.424817616482 1.59035168193314 15.3286 18.090447835019393  18.58823818456946
2458515.5 2.422806972976 1.58043834200501 15.0128 18.064393426851044  18.56218377640111
2458516.5  2.42079208316 1.57072299238284 14.6915  18.03828111320363 18.536071462753696
2458517.5 2.418772978499 1.56121031373968 14.3648  18.01212029060809 18.509910640158157
2458518.5 2.416749690701 1.55190492142652 14.0332  17.98593370609761 18.483724055647677
2458519.5 2.414722251714 1.54281135181133  13.697 17.959736930551006 18.457527280101072
2458520.5 2.412690693733 1.53393404916422 13.3566 17.933548477784896  18.43133882733496
2458521.5 2.410655049195 1.52527735330821 13.0124 17.907386249898302 18.405176599448367
2458522.5 2.408615350784 1.51684548818367 12.6651  17.88127798164811 18.379068331198177
2458523.5 2.406571631432 1.50864255127854 12.3151 17.855240105485095  18.35303045503516
2458524.5 2.404523924319  1.5006725036755 11.9632 17.829302344533538 18.327092694083603
2458525.5 2.402472262873  1.4929391603873 11.6101  17.80349006946993 18.301280419019996
2458526.5 2.400416680773 1.48544618080001 11.2567   17.7778350600155 18.275625409565567
2458527.5 2.398357211952 1.47819705950359 10.9039  17.75236846553418 18.250158815084244
2458528.5  2.39629389059 1.47119511859713 10.5527 17.727124641049592 18.224914990599657
2458529.5 2.394226751125 1.46444350365372 10.2045 17.702152921085855  18.19994327063592
2458530.5 2.392155828247 1.45794518662023  9.8605   17.6774959176055 18.175286267155567
2458531.5 2.390081156901 1.45170297928187  9.5224 17.653216841827135   18.1510071913772
2458532.5  2.38800277229 1.44571955939573  9.1917 17.629373962628737 18.127164312178802
2458533.5 2.385920709876 1.43999750729621  8.8705 17.606053110491604  18.10384346004167
2458534.5 2.383835005379 1.43453934455457   8.561 17.583350241158143  18.08114059070821
2458535.5 2.381745694784 1.42934756172348  8.2654  17.56136877504165 18.059159124591716
2458536.5 2.379652814338 1.42442462371619  7.9865 17.540246015246737 18.038036364796803
2458537.5 2.377556400556 1.41977294959106   7.727 17.520125836288102 18.017916185838168
2458538.5 2.375456490218   1.415394873394  7.4902  17.50118914379214 17.998979493342205
2458539.5 2.373353120377 1.41129259791303  7.2791 17.483615118048853  17.98140546759892
2458540.5 2.371246328358  1.4074681518445  7.0971 17.467609894360105  17.96540024391017
2458541.5 2.369136151759 1.40392335590211  6.9472 17.453367844874876  17.95115819442494
2458542.5 2.367022628457 1.40065979864608  6.8325  17.44108897421428 17.938879323764347
2458543.5 2.364905796609  1.3976788201171  6.7555 17.430940823954433   17.9287311735045
