#        RA [deg]       Dec [deg]  beta    #n scale factor   tot flux [Jy]
161.52968821864 -12.09649543344 1.717692e-02    1.189588e+05    2.444369e-16
161.54782407486 -12.10324057760 2.819383e-04    1.189588e+05    9.081485e-13
161.54591020257 -12.10253560743 2.056815e-03    1.189588e+05    1.706207e-14
161.52730775531 -12.09561732089 1.938052e-02    1.189588e+05    1.919878e-16
161.50722803133 -12.08813579703 3.812512e-02    1.189588e+05    4.955987e-17
161.51317588908 -12.09034662138 3.256799e-02    1.189588e+05    6.793672e-17
161.52477476075 -12.09467363943 2.175447e-02    1.189588e+05    1.523527e-16
161.52794776692 -12.09584683090 1.879410e-02    1.189588e+05    2.041620e-16
161.51248178288 -12.09009763750 3.321974e-02    1.189588e+05    6.529473e-17
161.51644668113 -12.09158259177 2.950955e-02    1.189588e+05    8.276277e-17
161.54787648430 -12.10326021975 2.288082e-04    1.189588e+05    1.378868e-12
161.51012242320 -12.08921254031 3.541676e-02    1.189588e+05    5.743809e-17
161.51489880227 -12.09100581902 3.095175e-02    1.189588e+05    7.522376e-17
161.52058397753 -12.09311711910 2.564814e-02    1.189588e+05    1.095826e-16
161.54703539648 -12.10294633527 1.018633e-03    1.189588e+05    6.956829e-14
161.53687215216 -12.09916152451 1.047234e-02    1.189588e+05    6.578576e-16
161.52054251885 -12.09309613941 2.568765e-02    1.189588e+05    1.092455e-16
161.53634534401 -12.09897877924 1.096998e-02    1.189588e+05    5.995086e-16
161.54392514460 -12.10178990548 3.900191e-03    1.189588e+05    4.744668e-15
161.54807511762 -12.10332747218 5.078247e-05    1.189588e+05    2.799256e-11
161.53822017441 -12.09965980650 9.228008e-03    1.189588e+05    8.472922e-16
161.53407529450 -12.09812721779 1.307249e-02    1.189588e+05    4.221235e-16
161.51549013948 -12.09121177248 3.040836e-02    1.189588e+05    7.793857e-17
161.54723909762 -12.10303133820 8.218877e-04    1.189588e+05    1.068629e-13
161.53523104895 -12.09854810639 1.200879e-02    1.189588e+05    5.002460e-16
161.53517589641 -12.09854427432 1.205834e-02    1.189588e+05    4.961417e-16
161.51422251122 -12.09075479613 3.158375e-02    1.189588e+05    7.224083e-17
161.54551459494 -12.10237538786 2.435030e-03    1.189588e+05    1.217319e-14
161.54311059566 -12.10147993305 4.675405e-03    1.189588e+05    3.301570e-15
161.51911889969 -12.09255745045 2.702595e-02    1.189588e+05    9.868655e-17
161.52135951742 -12.09339331917 2.492796e-02    1.189588e+05    1.160105e-16
161.53916177314 -12.10001158074 8.343799e-03    1.189588e+05    1.036437e-15
161.54795500599 -12.10328336796 1.542583e-04    1.189588e+05    3.033686e-12
161.54810950941 -12.10334844742 1.964497e-05    1.189588e+05    1.870548e-10
161.54761617826 -12.10315114916 4.777650e-04    1.189588e+05    3.162508e-13
161.54769004712 -12.10319551026 3.975703e-04    1.189588e+05    4.567033e-13
161.54475129781 -12.10209496469 3.142461e-03    1.189588e+05    7.308968e-15
161.51692578777 -12.09175093385 2.905916e-02    1.189588e+05    8.535025e-17
161.54767609471 -12.10317576668 4.149504e-04    1.189588e+05    4.192463e-13
161.54578364617 -12.10247621015 2.185074e-03    1.189588e+05    1.511774e-14
161.54375626643 -12.10173066641 4.056917e-03    1.189588e+05    4.385122e-15
161.51184928005 -12.08986296514 3.381292e-02    1.189588e+05    6.302184e-17
161.50899206119 -12.08879036306 3.647292e-02    1.189588e+05    5.415658e-17
161.53908095478 -12.09999345863 8.413224e-03    1.189588e+05    1.019398e-15
161.54774490625 -12.10320437006 3.585238e-04    1.189588e+05    5.616000e-13
161.54800027649 -12.10331187708 1.110291e-04    1.189588e+05    5.855920e-12
161.52442488961 -12.09454782298 2.207096e-02    1.189588e+05    1.480120e-16
161.50646276358 -12.08786105604 3.883606e-02    1.189588e+05    4.776011e-17
161.50578051554 -12.08761377819 3.947176e-02    1.189588e+05    4.623248e-17
161.53195389840 -12.09733393215 1.505724e-02    1.189588e+05    3.181394e-16
161.50721517203 -12.08813833875 3.813699e-02    1.189588e+05    4.952897e-17
161.51803843248 -12.09216721975 2.803726e-02    1.189588e+05    9.169055e-17
161.54746445610 -12.10310126336 6.101641e-04    1.189588e+05    1.938937e-13
161.54536480888 -12.10232519868 2.573530e-03    1.189588e+05    1.089811e-14
161.52520022738 -12.09483756681 2.134875e-02    1.189588e+05    1.582020e-16
161.51605758577 -12.09142341128 2.988668e-02    1.189588e+05    8.068554e-17
161.54803581633 -12.10331247350 7.741017e-05    1.189588e+05    1.204686e-11
161.54739882597 -12.10308808756 6.753394e-04    1.189588e+05    1.582746e-13
161.51909329013 -12.09255573216 2.704004e-02    1.189588e+05    9.858367e-17
161.52267279706 -12.09388606212 2.371666e-02    1.189588e+05    1.281719e-16
161.54780093409 -12.10322689102 2.987699e-04    1.189588e+05    8.087062e-13
161.54475507568 -12.10208991750 3.143899e-03    1.189588e+05    7.302282e-15
161.52403840149 -12.09438663296 2.244010e-02    1.189588e+05    1.431795e-16
161.54812162179 -12.10334074172 3.082747e-06    1.189588e+05    7.596187e-09
161.54224629424 -12.10115996634 5.471112e-03    1.189588e+05    2.410952e-15
161.54049246525 -12.10051861936 7.109328e-03    1.189588e+05    1.427720e-15
161.54651464923 -12.10275067137 1.495565e-03    1.189588e+05    3.227193e-14
161.51839613514 -12.09229491575 2.769119e-02    1.189588e+05    9.399847e-17
161.50976851282 -12.08908822382 3.574474e-02    1.189588e+05    5.638789e-17
161.53529740742 -12.09858956300 1.194434e-02    1.189588e+05    5.056608e-16
161.50572132717 -12.08758466326 3.953164e-02    1.189588e+05    4.609238e-17
161.53121687143 -12.09707054810 1.574564e-02    1.189588e+05    2.909184e-16
161.52989573348 -12.09656599679 1.697337e-02    1.189588e+05    2.503375e-16
161.54597922300 -12.10254778604 1.992032e-03    1.189588e+05    1.818992e-14
161.54550732846 -12.10237237208 2.432337e-03    1.189588e+05    1.220017e-14
161.54775579646 -12.10321046462 3.477839e-04    1.189588e+05    5.968215e-13
161.52587552154 -12.09507714375 2.072017e-02    1.189588e+05    1.679522e-16
161.54013194280 -12.10038536417 7.438811e-03    1.189588e+05    1.304023e-15
161.54198788961 -12.10107736475 5.714701e-03    1.189588e+05    2.209768e-15
161.51801675986 -12.09216153922 2.804553e-02    1.189588e+05    9.163642e-17
161.54719197663 -12.10300464121 8.660659e-04    1.189588e+05    9.623855e-14
161.54778282472 -12.10321329727 3.210918e-04    1.189588e+05    7.001733e-13
161.53569364028 -12.09872097139 1.157871e-02    1.189588e+05    5.381116e-16
161.53209625436 -12.09739429504 1.492632e-02    1.189588e+05    3.237472e-16
161.54222914944 -12.10115088469 5.493264e-03    1.189588e+05    2.391544e-15
161.54602102310 -12.10256467924 1.951382e-03    1.189588e+05    1.895571e-14
161.53849719595 -12.09977730269 8.954278e-03    1.189588e+05    8.999008e-16
161.54773575215 -12.10321092349 3.573052e-04    1.189588e+05    5.654371e-13
161.54404882366 -12.10183214466 3.786759e-03    1.189588e+05    5.033209e-15
161.53599812679 -12.09884528486 1.128374e-02    1.189588e+05    5.666216e-16
161.52231251701 -12.09375825161 2.404060e-02    1.189588e+05    1.247388e-16
161.54813226214 -12.10335280755 2.298043e-06    1.189588e+05    1.366959e-08
161.53609139956 -12.09888277798 1.119429e-02    1.189588e+05    5.757162e-16
161.54808192075 -12.10332782838 4.908050e-05    1.189588e+05    2.996765e-11
161.53919340677 -12.10002809002 8.317495e-03    1.189588e+05    1.043004e-15
161.54805689021 -12.10331678068 6.488751e-05    1.189588e+05    1.714541e-11
161.54613155253 -12.10260736353 1.857286e-03    1.189588e+05    2.092519e-14
161.52113682612 -12.09331690054 2.514845e-02    1.189588e+05    1.139837e-16
161.54183281259 -12.10101671709 5.854776e-03    1.189588e+05    2.105281e-15
161.54314100652 -12.10149537479 4.634088e-03    1.189588e+05    3.360713e-15
161.54276379065 -12.10135304387 4.993563e-03    1.189588e+05    2.894210e-15
161.53989732100 -12.10028879580 7.667405e-03    1.189588e+05    1.227411e-15
161.53536832690 -12.09860298256 1.187842e-02    1.189588e+05    5.112908e-16
161.54300658309 -12.10144395792 4.773041e-03    1.189588e+05    3.167862e-15
161.54721240897 -12.10300812035 8.586157e-04    1.189588e+05    9.791592e-14
161.54686059955 -12.10288584184 1.167991e-03    1.189588e+05    5.291326e-14
161.54282904966 -12.10137170537 4.932142e-03    1.189588e+05    2.966753e-15
161.54331215019 -12.10156205474 4.471911e-03    1.189588e+05    3.608921e-15
161.54791239133 -12.10326268087 2.018127e-04    1.189588e+05    1.772433e-12
161.51892904825 -12.09249428156 2.719686e-02    1.189588e+05    9.744920e-17
161.54180651679 -12.10100658766 5.885339e-03    1.189588e+05    2.083468e-15
161.54428173387 -12.10193026471 3.578817e-03    1.189588e+05    5.635160e-15
161.51241361167 -12.09006863671 3.327233e-02    1.189588e+05    6.508835e-17
161.53584962093 -12.09877916229 1.143548e-02    1.189588e+05    5.516798e-16
161.52740548921 -12.09565438532 1.929284e-02    1.189588e+05    1.937376e-16
161.54808611517 -12.10334196205 2.782351e-05    1.189588e+05    9.324965e-11
161.53734183180 -12.09934760419 1.003230e-02    1.189588e+05    7.168511e-16
161.53967240009 -12.10020061453 7.871050e-03    1.189588e+05    1.164706e-15
161.54701730401 -12.10294550657 1.026454e-03    1.189588e+05    6.851223e-14
161.51092939298 -12.08951798515 3.467030e-02    1.189588e+05    5.994052e-17
161.54006392888 -12.10036238462 7.505443e-03    1.189588e+05    1.280967e-15
161.52712242914 -12.09553436434 1.956743e-02    1.189588e+05    1.883354e-16
161.52892820137 -12.09621645840 1.787837e-02    1.189588e+05    2.256237e-16
161.52682581478 -12.09542868596 1.982912e-02    1.189588e+05    1.833946e-16
161.51548326174 -12.09120924677 3.042196e-02    1.189588e+05    7.786882e-17
161.51740597284 -12.09193812862 2.861415e-02    1.189588e+05    8.802786e-17
161.53639716379 -12.09900017603 1.091429e-02    1.189588e+05    6.056437e-16
161.52438061293 -12.09452282341 2.211335e-02    1.189588e+05    1.474448e-16
161.54349243228 -12.10162206445 4.308877e-03    1.189588e+05    3.887224e-15
161.53807450600 -12.09962423749 9.351748e-03    1.189588e+05    8.250126e-16
161.54570118465 -12.10245748864 2.248615e-03    1.189588e+05    1.427536e-14
161.54556159444 -12.10239175987 2.385498e-03    1.189588e+05    1.268399e-14
161.53740822971 -12.09936695297 9.981691e-03    1.189588e+05    7.241401e-16
161.53232926825 -12.09748153756 1.471310e-02    1.189588e+05    3.332026e-16
161.52294399372 -12.09397981110 2.345335e-02    1.189588e+05    1.310679e-16
161.50863847623 -12.08867100045 3.679253e-02    1.189588e+05    5.321883e-17
161.53470179625 -12.09836970653 1.249187e-02    1.189588e+05    4.622911e-16
161.54116003384 -12.10075451308 6.485931e-03    1.189588e+05    1.715421e-15
161.54755383240 -12.10313828038 5.403635e-04    1.189588e+05    2.472217e-13
161.54794420035 -12.10327813322 1.650889e-04    1.189588e+05    2.648695e-12
161.54736287515 -12.10305806290 7.092249e-04    1.189588e+05    1.435115e-13
161.50803994492 -12.08843975785 3.736373e-02    1.189588e+05    5.160248e-17
161.53474966027 -12.09838353989 1.245798e-02    1.189588e+05    4.648108e-16
161.54462071041 -12.10205589875 3.257105e-03    1.189588e+05    6.803454e-15
161.50906316457 -12.08883303403 3.640729e-02    1.189588e+05    5.435220e-17
161.50982603060 -12.08910463008 3.569965e-02    1.189588e+05    5.653052e-17
161.54106020403 -12.10072783707 6.579865e-03    1.189588e+05    1.666783e-15
161.51552947609 -12.09123339163 3.037770e-02    1.189588e+05    7.809610e-17
161.54402031466 -12.10181849556 3.818898e-03    1.189588e+05    4.948842e-15
161.54781984592 -12.10324711934 2.826001e-04    1.189588e+05    9.038995e-13
161.51168533117 -12.08979337245 3.395806e-02    1.189588e+05    6.248375e-17
161.54514539588 -12.10225080159 2.775701e-03    1.189588e+05    9.368272e-15
161.53843406406 -12.09975613062 9.023550e-03    1.189588e+05    8.861335e-16
161.51270447445 -12.09018845551 3.300611e-02    1.189588e+05    6.614353e-17
161.54567302910 -12.10243097947 2.280437e-03    1.189588e+05    1.387971e-14
161.54734235940 -12.10306707589 7.220430e-04    1.189588e+05    1.384612e-13
161.53871042588 -12.09984589541 8.765561e-03    1.189588e+05    9.390764e-16
161.54258861248 -12.10129526726 5.145777e-03    1.189588e+05    2.725497e-15
161.52592913579 -12.09509126802 2.068007e-02    1.189588e+05    1.686044e-16
161.51545530107 -12.09120407372 3.043203e-02    1.189588e+05    7.781728e-17
161.51310011744 -12.09032576779 3.263570e-02    1.189588e+05    6.765488e-17
161.53645807448 -12.09901903917 1.085607e-02    1.189588e+05    6.121590e-16
161.50933625259 -12.08892753581 3.615841e-02    1.189588e+05    5.510377e-17
161.53158426378 -12.09719290131 1.540610e-02    1.189588e+05    3.038889e-16
161.53864587502 -12.09982614543 8.832633e-03    1.189588e+05    9.248648e-16
161.54811703832 -12.10334777724 1.136236e-05    1.189588e+05    5.591572e-10
161.53558035586 -12.09868800527 1.167046e-02    1.189588e+05    5.296810e-16
161.53431817199 -12.09822059923 1.284585e-02    1.189588e+05    4.371558e-16
161.51982573754 -12.09283688460 2.636352e-02    1.189588e+05    1.037120e-16
161.50613711185 -12.08774566145 3.914076e-02    1.189588e+05    4.701858e-17
161.54465194460 -12.10206701368 3.229340e-03    1.189588e+05    6.920957e-15
161.51392103699 -12.09063969922 3.186243e-02    1.189588e+05    7.098156e-17
161.54006765210 -12.10034660626 7.498967e-03    1.189588e+05    1.283181e-15
161.51571012449 -12.09130583804 3.020581e-02    1.189588e+05    7.898822e-17
161.54542916789 -12.10233889019 2.508628e-03    1.189588e+05    1.146934e-14
161.51334341557 -12.09041247790 3.241887e-02    1.189588e+05    6.856372e-17
161.54790746122 -12.10325968465 2.065162e-04    1.189588e+05    1.692615e-12
161.54711628900 -12.10298328601 9.395401e-04    1.189588e+05    8.177459e-14
161.54753551482 -12.10312177545 5.505812e-04    1.189588e+05    2.381308e-13
161.54403992600 -12.10182471475 3.802554e-03    1.189588e+05    4.991480e-15
161.51297731258 -12.09029011858 3.274988e-02    1.189588e+05    6.718352e-17
161.54763457405 -12.10316638885 4.649411e-04    1.189588e+05    3.339371e-13
161.53024984940 -12.09670007857 1.665420e-02    1.189588e+05    2.600293e-16
161.54623793707 -12.10265330812 1.762941e-03    1.189588e+05    2.322489e-14
161.52327682805 -12.09410366496 2.314419e-02    1.189588e+05    1.345952e-16
161.54473353413 -12.10209960623 3.152746e-03    1.189588e+05    7.261357e-15
161.53873754763 -12.09986027883 8.737067e-03    1.189588e+05    9.452131e-16
161.52171485144 -12.09353742046 2.459319e-02    1.189588e+05    1.191925e-16
161.51390025600 -12.09062694068 3.188768e-02    1.189588e+05    7.086909e-17
161.54549474876 -12.10236682961 2.456374e-03    1.189588e+05    1.196255e-14
161.51814852561 -12.09220732426 2.791817e-02    1.189588e+05    9.247504e-17
161.53436379061 -12.09824407196 1.280667e-02    1.189588e+05    4.398359e-16
161.54811455496 -12.10334973159 1.405405e-06    1.189588e+05    3.654843e-08
161.53606521744 -12.09886011416 1.123184e-02    1.189588e+05    5.718717e-16
161.54811504653 -12.10335311249 1.423169e-06    1.189588e+05    3.564174e-08
161.54802904562 -12.10331468034 9.262917e-05    1.189588e+05    8.413444e-12
161.54795792528 -12.10327890195 1.612685e-04    1.189588e+05    2.775674e-12
161.54137028299 -12.10082954059 6.287942e-03    1.189588e+05    1.825169e-15
161.53933461176 -12.10008445950 8.188678e-03    1.189588e+05    1.076085e-15
161.53185463537 -12.09731005844 1.514260e-02    1.189588e+05    3.145614e-16
161.54769931604 -12.10319081855 3.906080e-04    1.189588e+05    4.731295e-13
161.54594522856 -12.10253074339 2.033317e-03    1.189588e+05    1.745872e-14
161.53521573968 -12.09855090324 1.201122e-02    1.189588e+05    5.000436e-16
161.52640456176 -12.09526771791 2.023469e-02    1.189588e+05    1.761127e-16
161.53509387938 -12.09850490278 1.212572e-02    1.189588e+05    4.906409e-16
161.54573811843 -12.10245322849 2.224592e-03    1.189588e+05    1.458536e-14
161.50578791477 -12.08760395239 3.947007e-02    1.189588e+05    4.623644e-17
161.52784923399 -12.09581789435 1.888779e-02    1.189588e+05    2.021408e-16
161.54327719711 -12.10155708647 4.508599e-03    1.189588e+05    3.550420e-15
161.50685871470 -12.08800230040 3.847186e-02    1.189588e+05    4.866961e-17
161.51409120911 -12.09068823068 3.171756e-02    1.189588e+05    7.163205e-17
161.52196798128 -12.09362698175 2.436168e-02    1.189588e+05    1.214702e-16
161.54163914351 -12.10093925914 6.037024e-03    1.189588e+05    1.980068e-15
161.51937048971 -12.09266302746 2.679376e-02    1.189588e+05    1.004056e-16
161.52333976598 -12.09413247051 2.309518e-02    1.189588e+05    1.351674e-16
161.52731437409 -12.09561207284 1.938647e-02    1.189588e+05    1.918697e-16
161.54362713885 -12.10167058930 4.189978e-03    1.189588e+05    4.110995e-15
161.54757913700 -12.10313762626 5.107042e-04    1.189588e+05    2.767709e-13
161.54809535357 -12.10333239077 2.974124e-05    1.189588e+05    8.161179e-11
161.54490150789 -12.10215942555 3.003786e-03    1.189588e+05    7.999467e-15
161.54809480750 -12.10334141784 3.607767e-05    1.189588e+05    5.546180e-11
161.54556169946 -12.10239763869 2.394398e-03    1.189588e+05    1.258987e-14
161.54676886011 -12.10284625777 1.253770e-03    1.189588e+05    4.592037e-14
161.53413583740 -12.09814482582 1.303180e-02    1.189588e+05    4.247647e-16
161.54465167125 -12.10206247050 3.223820e-03    1.189588e+05    6.944682e-15
161.53867720862 -12.09984217967 8.798410e-03    1.189588e+05    9.320751e-16
161.50577875041 -12.08760139220 3.947395e-02    1.189588e+05    4.622733e-17
161.50831849646 -12.08854409575 3.710292e-02    1.189588e+05    5.233126e-17
161.50976270842 -12.08907839499 3.575658e-02    1.189588e+05    5.635048e-17
161.53371684402 -12.09798763852 1.342144e-02    1.189588e+05    4.004514e-16
161.51081399798 -12.08948099330 3.477702e-02    1.189588e+05    5.957285e-17
161.54811652843 -12.10334973100 4.403618e-09    1.189588e+05    3.722652e-03
161.54780077188 -12.10323352404 2.930538e-04    1.189588e+05    8.405623e-13
161.51007160776 -12.08919436061 3.547162e-02    1.189588e+05    5.726041e-17
161.53405300065 -12.09811284764 1.310158e-02    1.189588e+05    4.202506e-16
161.54548447709 -12.10237271500 2.450902e-03    1.189588e+05    1.201602e-14
161.51644481356 -12.09157624686 2.951132e-02    1.189588e+05    8.275285e-17
161.53784599995 -12.09953862446 9.566104e-03    1.189588e+05    7.884438e-16
161.51530729737 -12.09114716844 3.057994e-02    1.189588e+05    7.706570e-17
161.54789256362 -12.10325944050 2.258200e-04    1.189588e+05    1.415603e-12
161.50884164515 -12.08873886603 3.660970e-02    1.189588e+05    5.375229e-17
161.52956815167 -12.09645537637 1.728709e-02    1.189588e+05    2.413299e-16
161.52841457541 -12.09601659304 1.836417e-02    1.189588e+05    2.138387e-16
161.53942717291 -12.10012309686 8.088466e-03    1.189588e+05    1.102920e-15
161.54691254977 -12.10289730301 1.120960e-03    1.189588e+05    5.744662e-14
161.54811909606 -12.10334302022 3.800867e-06    1.189588e+05    4.996963e-09
161.53978097305 -12.10025237013 7.772542e-03    1.189588e+05    1.194423e-15
161.51214797733 -12.08996930751 3.352569e-02    1.189588e+05    6.410737e-17
161.54186638317 -12.10103219022 5.817857e-03    1.189588e+05    2.132089e-15
161.53510335806 -12.09850104291 1.212598e-02    1.189588e+05    4.906207e-16
161.54171799342 -12.10097451049 5.960500e-03    1.189588e+05    2.031246e-15
161.54602873686 -12.10256586352 1.945347e-03    1.189588e+05    1.907350e-14
161.50893638442 -12.08878631540 3.652072e-02    1.189588e+05    5.401478e-17
161.52198469679 -12.09363853674 2.435203e-02    1.189588e+05    1.215666e-16
161.50691044573 -12.08803337659 3.841110e-02    1.189588e+05    4.882385e-17
161.53262202069 -12.09758510859 1.442901e-02    1.189588e+05    3.464582e-16
161.54718005231 -12.10299843534 8.720873e-04    1.189588e+05    9.491411e-14
161.53167891015 -12.09723918899 1.531554e-02    1.189588e+05    3.074948e-16
161.53688236716 -12.09917843376 1.045976e-02    1.189588e+05    6.594407e-16
161.53298896181 -12.09771579901 1.409341e-02    1.189588e+05    3.631615e-16
161.54557652150 -12.10241218373 2.370774e-03    1.189588e+05    1.284204e-14
161.54011488388 -12.10037695230 7.462244e-03    1.189588e+05    1.295844e-15
161.53756712459 -12.09943208877 9.823615e-03    1.189588e+05    7.476390e-16
161.51702325479 -12.09179411498 2.897080e-02    1.189588e+05    8.587213e-17
161.52550698239 -12.09493934543 2.106519e-02    1.189588e+05    1.624924e-16
161.53308548733 -12.09774973474 1.400339e-02    1.189588e+05    3.678472e-16
161.54472715485 -12.10209447853 3.162027e-03    1.189588e+05    7.218788e-15
161.54757886581 -12.10314192559 5.172230e-04    1.189588e+05    2.698382e-13
161.50905815791 -12.08882053315 3.640991e-02    1.189588e+05    5.434438e-17
161.52757991506 -12.09570617627 1.913295e-02    1.189588e+05    1.969910e-16
161.54757620802 -12.10314104402 5.081203e-04    1.189588e+05    2.795930e-13
161.54801216420 -12.10330204151 1.048099e-04    1.189588e+05    6.571500e-12
161.53318444414 -12.09779217943 1.391886e-02    1.189588e+05    3.723307e-16
161.54604685887 -12.10257346451 1.942469e-03    1.189588e+05    1.913006e-14
161.54454421043 -12.10201862338 3.336808e-03    1.189588e+05    6.482297e-15
161.54809634752 -12.10333586122 2.039722e-05    1.189588e+05    1.735119e-10
161.53336331754 -12.09786500936 1.375150e-02    1.189588e+05    3.814518e-16
161.53467693518 -12.09836059440 1.252023e-02    1.189588e+05    4.601987e-16
161.54534389498 -12.10230714698 2.589006e-03    1.189588e+05    1.076820e-14
161.52966423294 -12.09648540338 1.718981e-02    1.189588e+05    2.440705e-16
161.51767201666 -12.09202772030 2.836355e-02    1.189588e+05    8.959147e-17
161.51066642479 -12.08941712029 3.490900e-02    1.189588e+05    5.912285e-17
161.50749711219 -12.08823870600 3.787390e-02    1.189588e+05    5.022021e-17
161.54677075325 -12.10285264816 1.265570e-03    1.189588e+05    4.506807e-14
161.54583035358 -12.10250096359 2.142161e-03    1.189588e+05    1.572953e-14
161.51228867071 -12.09002196533 3.338920e-02    1.189588e+05    6.463303e-17
161.53632772594 -12.09897337568 1.098324e-02    1.189588e+05    5.980610e-16
161.53329684211 -12.09783665407 1.381246e-02    1.189588e+05    3.780910e-16
161.54444101686 -12.10198255364 3.436747e-03    1.189588e+05    6.110737e-15
161.54685279321 -12.10287107235 1.191598e-03    1.189588e+05    5.083743e-14
161.51689361689 -12.09174335710 2.909815e-02    1.189588e+05    8.512149e-17
161.54324648611 -12.10153995010 4.547630e-03    1.189588e+05    3.489728e-15
161.50732269543 -12.08817640639 3.802986e-02    1.189588e+05    4.980873e-17
161.51791753311 -12.09211209349 2.814026e-02    1.189588e+05    9.102002e-17
161.53661803164 -12.09906417525 1.071649e-02    1.189588e+05    6.282152e-16
161.54809802774 -12.10334403110 1.681844e-05    1.189588e+05    2.552114e-10
161.54765819170 -12.10317578894 4.315058e-04    1.189588e+05    3.876931e-13
161.52932428091 -12.09635405965 1.750660e-02    1.189588e+05    2.353129e-16
161.51581240465 -12.09133030009 3.010179e-02    1.189588e+05    7.953554e-17
161.54563943447 -12.10242648293 2.305749e-03    1.189588e+05    1.357663e-14
161.53801467793 -12.09958709806 9.418964e-03    1.189588e+05    8.132763e-16
161.51047237288 -12.08934832860 3.508429e-02    1.189588e+05    5.853294e-17
161.54728306386 -12.10303504261 7.771940e-04    1.189588e+05    1.195072e-13
161.51867560620 -12.09240376933 2.744142e-02    1.189588e+05    9.571871e-17
161.53544858233 -12.09863617900 1.179384e-02    1.189588e+05    5.186525e-16
161.52694959964 -12.09546905953 1.972021e-02    1.189588e+05    1.854271e-16
161.51833722693 -12.09227095128 2.775865e-02    1.189588e+05    9.354181e-17
161.54761455255 -12.10315229516 4.753450e-04    1.189588e+05    3.194790e-13
161.54512869790 -12.10224660173 2.785241e-03    1.189588e+05    9.304194e-15
161.53642465124 -12.09900742637 1.088660e-02    1.189588e+05    6.087297e-16
161.53977867325 -12.10025753459 7.768254e-03    1.189588e+05    1.195742e-15
161.53881149590 -12.09989377078 8.669615e-03    1.189588e+05    9.599813e-16
161.54804365184 -12.10331229624 7.320930e-05    1.189588e+05    1.346906e-11
161.54757383823 -12.10314100295 5.150005e-04    1.189588e+05    2.721722e-13
161.51376469425 -12.09056939995 3.202520e-02    1.189588e+05    7.026126e-17
161.54755998101 -12.10314123998 5.240192e-04    1.189588e+05    2.628843e-13
161.52865428689 -12.09611374245 1.813664e-02    1.189588e+05    2.192405e-16
161.54805311999 -12.10331636446 7.302783e-05    1.189588e+05    1.353609e-11
161.52087936158 -12.09322065652 2.538881e-02    1.189588e+05    1.118342e-16
161.54368250528 -12.10169448808 4.143768e-03    1.189588e+05    4.203207e-15
161.54581246770 -12.10248066217 2.154900e-03    1.189588e+05    1.554410e-14
161.53351111579 -12.09791341005 1.361089e-02    1.189588e+05    3.893767e-16
161.54797945042 -12.10330544398 1.307908e-04    1.189588e+05    4.220016e-12
161.52448452667 -12.09456711067 2.200977e-02    1.189588e+05    1.488367e-16
161.54505214484 -12.10220212239 2.855973e-03    1.189588e+05    8.849006e-15
161.54580870285 -12.10249859446 2.156827e-03    1.189588e+05    1.551634e-14
161.50771647187 -12.08833511759 3.766216e-02    1.189588e+05    5.078707e-17
161.51437715925 -12.09079593049 3.144832e-02    1.189588e+05    7.286496e-17
161.54755615907 -12.10314359645 5.266547e-04    1.189588e+05    2.602597e-13
161.54408801260 -12.10185122966 3.753414e-03    1.189588e+05    5.123047e-15
161.54116035425 -12.10076796658 6.486807e-03    1.189588e+05    1.714957e-15
161.54738352995 -12.10307557965 6.947645e-04    1.189588e+05    1.495477e-13
161.53295409962 -12.09770480866 1.413202e-02    1.189588e+05    3.611790e-16
161.53460256858 -12.09832110878 1.258488e-02    1.189588e+05    4.554806e-16
161.53598292615 -12.09884381001 1.130399e-02    1.189588e+05    5.645930e-16
161.54017013783 -12.10040016391 7.399062e-03    1.189588e+05    1.318074e-15
161.50682158559 -12.08800023937 3.849376e-02    1.189588e+05    4.861419e-17
161.54797172914 -12.10328362020 1.457258e-04    1.189588e+05    3.399345e-12
161.54670937303 -12.10282299239 1.309784e-03    1.189588e+05    4.207663e-14
161.50653002609 -12.08787524505 3.877183e-02    1.189588e+05    4.791863e-17
161.50879674503 -12.08873182049 3.665838e-02    1.189588e+05    5.360946e-17
161.52335252417 -12.09414421231 2.307973e-02    1.189588e+05    1.353486e-16
161.52034650294 -12.09302624905 2.586802e-02    1.189588e+05    1.077262e-16
161.53783510288 -12.09953177450 9.570579e-03    1.189588e+05    7.877065e-16
161.54433377561 -12.10194487754 3.523463e-03    1.189588e+05    5.813626e-15
161.54585664034 -12.10249980624 2.119622e-03    1.189588e+05    1.606585e-14
161.52344798199 -12.09418054509 2.298215e-02    1.189588e+05    1.365011e-16
161.53310614164 -12.09776507598 1.398878e-02    1.189588e+05    3.686166e-16
161.53519922846 -12.09853871167 1.204075e-02    1.189588e+05    4.975928e-16
161.53636565392 -12.09897820736 1.094052e-02    1.189588e+05    6.027423e-16
161.54477020185 -12.10210062357 3.129109e-03    1.189588e+05    7.371481e-15
161.53696209811 -12.09919323330 1.038811e-02    1.189588e+05    6.685716e-16
161.51041045097 -12.08932295590 3.515446e-02    1.189588e+05    5.829931e-17
161.53687387179 -12.09915841468 1.047977e-02    1.189588e+05    6.569246e-16
161.54810126837 -12.10333220969 2.765896e-05    1.189588e+05    9.436246e-11
161.52798466135 -12.09586318879 1.875466e-02    1.189588e+05    2.050222e-16
161.54811628821 -12.10334981361 1.068422e-05    1.189588e+05    6.323906e-10
161.54593460672 -12.10254242342 2.034381e-03    1.189588e+05    1.744047e-14
161.54281577182 -12.10138456541 4.935703e-03    1.189588e+05    2.962474e-15
161.51461310629 -12.09089367386 3.122580e-02    1.189588e+05    7.390803e-17
161.54223324479 -12.10115608616 5.486124e-03    1.189588e+05    2.397772e-15
161.54771991010 -12.10320851189 3.744434e-04    1.189588e+05    5.148614e-13
161.54542274889 -12.10234441484 2.514774e-03    1.189588e+05    1.141335e-14
161.54144360539 -12.10087669221 6.214366e-03    1.189588e+05    1.868651e-15
161.53240198302 -12.09750984586 1.463864e-02    1.189588e+05    3.366024e-16
161.53696683155 -12.09919294203 1.038854e-02    1.189588e+05    6.685167e-16
161.52000664416 -12.09288643774 2.619880e-02    1.189588e+05    1.050212e-16
161.54349247079 -12.10163848075 4.307272e-03    1.189588e+05    3.890122e-15
161.54362093411 -12.10167715318 4.184229e-03    1.189588e+05    4.122304e-15
161.53469138228 -12.09836116398 1.251306e-02    1.189588e+05    4.607264e-16
161.52453386383 -12.09457016661 2.197916e-02    1.189588e+05    1.492518e-16
161.54687119248 -12.10288779177 1.167378e-03    1.189588e+05    5.296887e-14
161.51423282090 -12.09075559135 3.158507e-02    1.189588e+05    7.223480e-17
161.51031598226 -12.08930274435 3.523016e-02    1.189588e+05    5.804877e-17
161.54192612889 -12.10104441163 5.763162e-03    1.189588e+05    2.172757e-15
161.54703981543 -12.10294238336 1.009918e-03    1.189588e+05    7.077427e-14
161.54233666493 -12.10120806895 5.384246e-03    1.189588e+05    2.489385e-15
161.54630660816 -12.10266782496 1.691413e-03    1.189588e+05    2.523083e-14
161.52940189423 -12.09639133130 1.743086e-02    1.189588e+05    2.373635e-16
161.50899621294 -12.08880509330 3.646872e-02    1.189588e+05    5.416907e-17
161.53906247067 -12.09997149863 8.439640e-03    1.189588e+05    1.013025e-15
161.54812329232 -12.10334524571 3.622352e-07    1.189588e+05    5.501617e-07
161.53731766012 -12.09933989287 1.005708e-02    1.189588e+05    7.133209e-16
161.52309111473 -12.09405253571 2.331787e-02    1.189588e+05    1.325964e-16
161.50755244963 -12.08827235124 3.780986e-02    1.189588e+05    5.039068e-17
161.54785427502 -12.10325451938 2.553670e-04    1.189588e+05    1.106970e-12
161.52197110797 -12.09362951677 2.435665e-02    1.189588e+05    1.215205e-16
161.54423587517 -12.10190859391 3.620741e-03    1.189588e+05    5.505407e-15
161.54026774120 -12.10043951874 7.312095e-03    1.189588e+05    1.349620e-15
161.52026029103 -12.09298953015 2.596179e-02    1.189588e+05    1.069489e-16
161.54586639645 -12.10250774895 2.104471e-03    1.189588e+05    1.629802e-14
161.50576467504 -12.08759667685 3.949287e-02    1.189588e+05    4.618301e-17
161.54493016375 -12.10217108452 2.967003e-03    1.189588e+05    8.199058e-15
161.51233885115 -12.09003915815 3.334396e-02    1.189588e+05    6.480870e-17
161.52474812064 -12.09466336107 2.176462e-02    1.189588e+05    1.522105e-16
161.54378622216 -12.10174223727 4.031605e-03    1.189588e+05    4.440362e-15
161.53178412665 -12.09727100980 1.521879e-02    1.189588e+05    3.114187e-16
161.52643603093 -12.09527927075 2.019604e-02    1.189588e+05    1.767877e-16
161.54536995186 -12.10232555174 2.555936e-03    1.189588e+05    1.104867e-14
161.54006217211 -12.10035873107 7.509806e-03    1.189588e+05    1.279479e-15
161.54260746591 -12.10129284064 5.134516e-03    1.189588e+05    2.737467e-15
161.54483302580 -12.10213334003 3.067164e-03    1.189588e+05    7.672266e-15
161.50634352238 -12.08782272122 3.894652e-02    1.189588e+05    4.748927e-17
161.51005911756 -12.08918858950 3.547446e-02    1.189588e+05    5.725123e-17
161.54522685081 -12.10227373540 2.704740e-03    1.189588e+05    9.866319e-15
161.54285457259 -12.10139112832 4.904661e-03    1.189588e+05    3.000099e-15
161.53813334490 -12.09963519684 9.308228e-03    1.189588e+05    8.327468e-16
161.54489431512 -12.10214829573 3.003902e-03    1.189588e+05    7.998853e-15
161.53967764648 -12.10022024568 7.861070e-03    1.189588e+05    1.167666e-15
161.54627899908 -12.10266019444 1.711476e-03    1.189588e+05    2.464272e-14
161.54577454518 -12.10246845154 2.193672e-03    1.189588e+05    1.499945e-14
161.54146105065 -12.10088051229 6.195602e-03    1.189588e+05    1.879988e-15
161.54522473030 -12.10227920591 2.696186e-03    1.189588e+05    9.929028e-15
161.54799146958 -12.10329168115 1.260818e-04    1.189588e+05    4.541128e-12
161.53215281822 -12.09740310373 1.487779e-02    1.189588e+05    3.258637e-16
161.54690203310 -12.10290121999 1.143296e-03    1.189588e+05    5.522381e-14
161.54605617723 -12.10258829787 1.929397e-03    1.189588e+05    1.939018e-14
161.54537864823 -12.10231964832 2.557019e-03    1.189588e+05    1.103931e-14
161.50874047092 -12.08870744823 3.671065e-02    1.189588e+05    5.345674e-17
161.52396067350 -12.09437583216 2.250101e-02    1.189588e+05    1.424050e-16
161.54638175492 -12.10270945613 1.614217e-03    1.189588e+05    2.770184e-14
161.50909971006 -12.08883561023 3.637905e-02    1.189588e+05    5.443672e-17
161.54346028519 -12.10162065959 4.344443e-03    1.189588e+05    3.823830e-15
161.54124608524 -12.10078503091 6.404684e-03    1.189588e+05    1.759227e-15
161.51148342162 -12.08972415329 3.414656e-02    1.189588e+05    6.179515e-17
161.54810704463 -12.10333753839 2.576837e-05    1.189588e+05    1.087169e-10
161.53970365221 -12.10021546610 7.846652e-03    1.189588e+05    1.171962e-15
161.54602998043 -12.10257853406 1.951893e-03    1.189588e+05    1.894579e-14
161.54211111536 -12.10111806219 5.590809e-03    1.189588e+05    2.308806e-15
161.53134753818 -12.09711536048 1.562556e-02    1.189588e+05    2.954089e-16
161.51602482002 -12.09141250425 2.990386e-02    1.189588e+05    8.059277e-17
161.52953609342 -12.09644064396 1.730183e-02    1.189588e+05    2.409186e-16
161.54808099106 -12.10333413007 3.726667e-05    1.189588e+05    5.197921e-11
161.54811785805 -12.10335599721 4.290465e-06    1.189588e+05    3.921595e-09
161.50818957085 -12.08849808089 3.722510e-02    1.189588e+05    5.198792e-17
161.51053761149 -12.08938365665 3.502196e-02    1.189588e+05    5.874169e-17
161.54341696775 -12.10159721834 4.387807e-03    1.189588e+05    3.748614e-15
161.54811566612 -12.10335240249 2.273099e-08    1.189588e+05    1.397124e-04
161.54793919449 -12.10328701978 1.733936e-04    1.189588e+05    2.401049e-12
161.53710234816 -12.09925922874 1.025295e-02    1.189588e+05    6.863200e-16
161.51476067190 -12.09095552348 3.108615e-02    1.189588e+05    7.457417e-17
161.54663819305 -12.10278961999 1.382002e-03    1.189588e+05    3.779384e-14
161.54057546757 -12.10053936746 7.027481e-03    1.189588e+05    1.461177e-15
161.54405093862 -12.10184428128 3.788955e-03    1.189588e+05    5.027376e-15
161.54458236104 -12.10202876292 3.294664e-03    1.189588e+05    6.649209e-15
161.51392160718 -12.09063441379 3.187039e-02    1.189588e+05    7.094612e-17
161.54792280546 -12.10328314778 1.890907e-04    1.189588e+05    2.018955e-12
161.52033254064 -12.09302322937 2.589347e-02    1.189588e+05    1.075144e-16
161.52016413637 -12.09295682272 2.605233e-02    1.189588e+05    1.062063e-16
161.54806593330 -12.10333187712 6.250032e-05    1.189588e+05    1.848016e-11
161.54734729934 -12.10306311430 7.275972e-04    1.189588e+05    1.363553e-13
161.50774765963 -12.08834440920 3.762702e-02    1.189588e+05    5.088208e-17
161.54812407708 -12.10334670435 3.163921e-06    1.189588e+05    7.211415e-09
161.53481269985 -12.09839703753 1.239040e-02    1.189588e+05    4.698962e-16
161.54658430538 -12.10278203536 1.425056e-03    1.189588e+05    3.554456e-14
161.52181624925 -12.09357868741 2.450067e-02    1.189588e+05    1.200950e-16
161.54729584317 -12.10303876584 7.799987e-04    1.189588e+05    1.186493e-13
161.53984927539 -12.10027092227 7.700794e-03    1.189588e+05    1.216788e-15
161.53086035313 -12.09692633868 1.607886e-02    1.189588e+05    2.789802e-16
161.53042591189 -12.09678048487 1.647865e-02    1.189588e+05    2.656016e-16
161.53887867241 -12.09991805094 8.604504e-03    1.189588e+05    9.745684e-16
161.54431748175 -12.10192645616 3.548708e-03    1.189588e+05    5.731200e-15
161.51207151399 -12.08993842239 3.359642e-02    1.189588e+05    6.383748e-17
161.54809911529 -12.10333808041 2.896816e-05    1.189588e+05    8.602589e-11
161.52598892958 -12.09511963722 2.061744e-02    1.189588e+05    1.696308e-16
161.54728190260 -12.10304433061 7.785418e-04    1.189588e+05    1.190938e-13
161.54494867674 -12.10217888714 2.955884e-03    1.189588e+05    8.260866e-15
161.51821638796 -12.09222344254 2.786367e-02    1.189588e+05    9.283748e-17
161.51319601937 -12.09036257403 3.255183e-02    1.189588e+05    6.800428e-17
161.53114817823 -12.09702986425 1.580977e-02    1.189588e+05    2.885622e-16
161.53339548370 -12.09787518016 1.371290e-02    1.189588e+05    3.836033e-16
161.50994092105 -12.08915452627 3.558009e-02    1.189588e+05    5.691145e-17
161.54749685084 -12.10311571631 5.828689e-04    1.189588e+05    2.124790e-13
161.54077898487 -12.10061768116 6.830095e-03    1.189588e+05    1.546869e-15
161.52778029278 -12.09577897965 1.894800e-02    1.189588e+05    2.008575e-16
161.50660955841 -12.08792065714 3.868653e-02    1.189588e+05    4.813040e-17
161.53229069060 -12.09747043413 1.474371e-02    1.189588e+05    3.318198e-16
161.51822947339 -12.09223382980 2.785606e-02    1.189588e+05    9.288818e-17
161.53781473277 -12.09951439136 9.606374e-03    1.189588e+05    7.818456e-16
161.51220584226 -12.09000017159 3.346455e-02    1.189588e+05    6.434206e-17
161.54813208842 -12.10334613017 1.827865e-06    1.189588e+05    2.160645e-08
161.54019620328 -12.10039878477 7.387388e-03    1.189588e+05    1.322244e-15
161.51182918525 -12.08984605937 3.382490e-02    1.189588e+05    6.297717e-17
161.53902043534 -12.09996986364 8.466225e-03    1.189588e+05    1.006672e-15
161.52133482256 -12.09338227397 2.496329e-02    1.189588e+05    1.156821e-16
161.52566085511 -12.09500109166 2.091376e-02    1.189588e+05    1.648554e-16
161.52800953740 -12.09586555549 1.874138e-02    1.189588e+05    2.053130e-16
161.53186980018 -12.09730810234 1.514262e-02    1.189588e+05    3.145607e-16
161.51579617787 -12.09133901960 3.011539e-02    1.189588e+05    7.946370e-17
161.54748933675 -12.10311532184 5.951181e-04    1.189588e+05    2.038219e-13
161.54506037160 -12.10222029535 2.845719e-03    1.189588e+05    8.912902e-15
161.53294336559 -12.09770618520 1.413222e-02    1.189588e+05    3.611687e-16
161.54251248356 -12.10126545304 5.218993e-03    1.189588e+05    2.649552e-15
161.51912000285 -12.09257173911 2.701868e-02    1.189588e+05    9.873978e-17
161.54314769457 -12.10150959010 4.632764e-03    1.189588e+05    3.362634e-15
161.50627166917 -12.08778075813 3.901343e-02    1.189588e+05    4.732635e-17
161.54672014344 -12.10283124774 1.314197e-03    1.189588e+05    4.179447e-14
161.52715071807 -12.09555475698 1.953283e-02    1.189588e+05    1.890035e-16
161.52183928114 -12.09357008190 2.449336e-02    1.189588e+05    1.201668e-16
161.50894218401 -12.08877432543 3.652114e-02    1.189588e+05    5.401355e-17
161.51703078529 -12.09179298261 2.896115e-02    1.189588e+05    8.592942e-17
161.53504761805 -12.09848621663 1.218216e-02    1.189588e+05    4.861036e-16
161.54429521579 -12.10192345240 3.557244e-03    1.189588e+05    5.703724e-15
161.53018227591 -12.09667249608 1.671595e-02    1.189588e+05    2.581109e-16
161.52857556721 -12.09608133812 1.820621e-02    1.189588e+05    2.175673e-16
161.54197412791 -12.10106062157 5.719396e-03    1.189588e+05    2.206142e-15
161.54366951064 -12.10168587115 4.154574e-03    1.189588e+05    4.181368e-15
161.53275636404 -12.09764562710 1.430301e-02    1.189588e+05    3.525913e-16
161.52646135297 -12.09530594214 2.016992e-02    1.189588e+05    1.772462e-16
161.52743486672 -12.09565515558 1.926136e-02    1.189588e+05    1.943719e-16
161.54449380408 -12.10200014454 3.380500e-03    1.189588e+05    6.315802e-15
161.53998497663 -12.10031684101 7.581978e-03    1.189588e+05    1.255231e-15
161.53480178204 -12.09838902786 1.240399e-02    1.189588e+05    4.688669e-16
161.53616291085 -12.09890522679 1.114432e-02    1.189588e+05    5.808920e-16
161.50792157283 -12.08840881346 3.746361e-02    1.189588e+05    5.132741e-17
161.53376447611 -12.09801873614 1.336327e-02    1.189588e+05    4.039467e-16
161.53988792379 -12.10029587683 7.660969e-03    1.189588e+05    1.229475e-15
161.50624380429 -12.08777346569 3.904374e-02    1.189588e+05    4.725282e-17
161.54800814179 -12.10329864039 1.096157e-04    1.189588e+05    6.007917e-12
161.54679695977 -12.10286491454 1.228490e-03    1.189588e+05    4.782984e-14
161.53921225619 -12.10003478997 8.305650e-03    1.189588e+05    1.045982e-15
161.53381814717 -12.09802921389 1.331779e-02    1.189588e+05    4.067109e-16
161.54088063244 -12.10065360856 6.736385e-03    1.189588e+05    1.590213e-15
161.51112880049 -12.08959534547 3.447512e-02    1.189588e+05    6.062182e-17
161.53107646022 -12.09700534530 1.587884e-02    1.189588e+05    2.860560e-16
161.54640039052 -12.10270242917 1.603916e-03    1.189588e+05    2.805885e-14
161.50992979024 -12.08915522639 3.559030e-02    1.189588e+05    5.687877e-17
161.54805048834 -12.10332847383 6.519406e-05    1.189588e+05    1.698455e-11
161.54508394376 -12.10221979575 2.823828e-03    1.189588e+05    9.051639e-15
161.51576160976 -12.09131901696 3.015197e-02    1.189588e+05    7.927081e-17
161.54781008668 -12.10324267633 2.911350e-04    1.189588e+05    8.516787e-13
161.50919984961 -12.08887443242 3.627535e-02    1.189588e+05    5.474872e-17
161.51027431617 -12.08928631018 3.527399e-02    1.189588e+05    5.790446e-17
161.53222138445 -12.09744530832 1.479972e-02    1.189588e+05    3.293120e-16
161.53707186625 -12.09923103473 1.029288e-02    1.189588e+05    6.810042e-16
161.51159015932 -12.08976220961 3.405283e-02    1.189588e+05    6.213614e-17
161.53823401506 -12.09967542106 9.214409e-03    1.189588e+05    8.497954e-16
161.54582333037 -12.10250345406 2.135139e-03    1.189588e+05    1.583317e-14
161.54504932520 -12.10221557257 2.859692e-03    1.189588e+05    8.826003e-15
161.53808187349 -12.09961202767 9.347217e-03    1.189588e+05    8.258125e-16
161.51521089850 -12.09110340956 3.066845e-02    1.189588e+05    7.662111e-17
161.52847470298 -12.09604635791 1.830116e-02    1.189588e+05    2.153144e-16
161.52469408138 -12.09462907179 2.182728e-02    1.189588e+05    1.513374e-16
161.54040363265 -12.10047789719 7.180402e-03    1.189588e+05    1.399591e-15
161.54551236983 -12.10237872896 2.439322e-03    1.189588e+05    1.213038e-14
161.53195725562 -12.09734581274 1.505905e-02    1.189588e+05    3.180630e-16
161.54720029792 -12.10300781864 8.574705e-04    1.189588e+05    9.817768e-14
161.54791314884 -12.10326232832 2.003098e-04    1.189588e+05    1.799130e-12
161.53281029851 -12.09766706252 1.425705e-02    1.189588e+05    3.548695e-16
161.52683738418 -12.09544569808 1.982382e-02    1.189588e+05    1.834927e-16
161.53719487022 -12.09929497507 1.017492e-02    1.189588e+05    6.968892e-16
161.51154406243 -12.08975247439 3.409218e-02    1.189588e+05    6.199264e-17
161.51401440578 -12.09066019135 3.178763e-02    1.189588e+05    7.131633e-17
161.54418410110 -12.10188239217 3.661446e-03    1.189588e+05    5.383666e-15
161.50764012778 -12.08830266589 3.773226e-02    1.189588e+05    5.059838e-17
161.54162391426 -12.10092970513 6.044548e-03    1.189588e+05    1.975142e-15
161.54774334442 -12.10321045423 3.523816e-04    1.189588e+05    5.813490e-13
161.52435428692 -12.09450814162 2.214665e-02    1.189588e+05    1.470015e-16
161.51983474423 -12.09284239222 2.635243e-02    1.189588e+05    1.037994e-16
161.54443031049 -12.10197740547 3.437064e-03    1.189588e+05    6.109609e-15
161.53749276625 -12.09939408364 9.900392e-03    1.189588e+05    7.360854e-16
161.54218331992 -12.10114079809 5.526182e-03    1.189588e+05    2.363132e-15
161.54806470972 -12.10332437827 5.031006e-05    1.189588e+05    2.852074e-11
161.52354197600 -12.09421654398 2.288920e-02    1.189588e+05    1.376126e-16
161.54805081583 -12.10331399682 7.517297e-05    1.189588e+05    1.277457e-11
161.52742278901 -12.09566260148 1.928125e-02    1.189588e+05    1.939708e-16
161.54074963366 -12.10060433598 6.872579e-03    1.189588e+05    1.527799e-15
161.54697340318 -12.10292377419 1.078966e-03    1.189588e+05    6.200547e-14
161.54290352438 -12.10140218304 4.868327e-03    1.189588e+05    3.045052e-15
161.51829593462 -12.09225771195 2.778224e-02    1.189588e+05    9.338291e-17
161.52377726024 -12.09430378708 2.268286e-02    1.189588e+05    1.401293e-16
161.53109975906 -12.09701207403 1.585144e-02    1.189588e+05    2.870464e-16
161.53181048383 -12.09729150634 1.519557e-02    1.189588e+05    3.123713e-16
161.51577554405 -12.09131523300 3.014557e-02    1.189588e+05    7.930454e-17
161.52316752984 -12.09407582159 2.323764e-02    1.189588e+05    1.335142e-16
161.51310150739 -12.09032351869 3.264426e-02    1.189588e+05    6.761932e-17
161.52075438228 -12.09318035654 2.548967e-02    1.189588e+05    1.109503e-16
161.52095360428 -12.09325564533 2.531294e-02    1.189588e+05    1.125061e-16
161.52056647335 -12.09310707690 2.566382e-02    1.189588e+05    1.094486e-16
161.53355221984 -12.09792408741 1.357157e-02    1.189588e+05    3.916373e-16
161.53675069182 -12.09912980083 1.058512e-02    1.189588e+05    6.439097e-16
161.52165737590 -12.09351237948 2.466108e-02    1.189588e+05    1.185367e-16
161.52005965992 -12.09290958522 2.615351e-02    1.189588e+05    1.053856e-16
161.51689622774 -12.09173694807 2.908826e-02    1.189588e+05    8.517948e-17
161.54795932336 -12.10327918687 1.586576e-04    1.189588e+05    2.867780e-12
161.54291635482 -12.10141718433 4.854928e-03    1.189588e+05    3.061886e-15
161.54399797857 -12.10180748187 3.842043e-03    1.189588e+05    4.889387e-15
161.52548519851 -12.09493111562 2.109115e-02    1.189588e+05    1.620923e-16
161.54275517627 -12.10135202308 4.998685e-03    1.189588e+05    2.888281e-15
161.52051292222 -12.09309213096 2.571850e-02    1.189588e+05    1.089833e-16
161.53958592609 -12.10018346395 7.950636e-03    1.189588e+05    1.141501e-15
161.54597256992 -12.10254909942 2.004612e-03    1.189588e+05    1.796233e-14
161.51326397886 -12.09038058019 3.248670e-02    1.189588e+05    6.827743e-17
161.54286283546 -12.10140089277 4.902185e-03    1.189588e+05    3.003129e-15
161.52259434193 -12.09384816999 2.378350e-02    1.189588e+05    1.274520e-16
161.50847885518 -12.08860974072 3.694818e-02    1.189588e+05    5.277096e-17
161.54809492049 -12.10333055919 3.081792e-05    1.189588e+05    7.600886e-11
161.51281775313 -12.09022010084 3.289364e-02    1.189588e+05    6.659700e-17
161.53530795839 -12.09857878961 1.193734e-02    1.189588e+05    5.062543e-16
161.52320242292 -12.09409208734 2.321524e-02    1.189588e+05    1.337720e-16
161.50971478176 -12.08907864592 3.579706e-02    1.189588e+05    5.622300e-17
161.54409253273 -12.10184540873 3.760139e-03    1.189588e+05    5.104735e-15
161.52341874813 -12.09417317121 2.301364e-02    1.189588e+05    1.361276e-16
161.52744159258 -12.09566727124 1.926288e-02    1.189588e+05    1.943410e-16
161.54623628551 -12.10264406066 1.753564e-03    1.189588e+05    2.347395e-14
161.54790314259 -12.10327619206 2.080646e-04    1.189588e+05    1.667516e-12
161.52410583466 -12.09441727314 2.236552e-02    1.189588e+05    1.441367e-16
161.54468996732 -12.10208067260 3.199645e-03    1.189588e+05    7.050032e-15
161.53756626463 -12.09941981596 9.823891e-03    1.189588e+05    7.475972e-16
161.53569096632 -12.09872527326 1.157496e-02    1.189588e+05    5.384606e-16
161.50916369079 -12.08886228348 3.630591e-02    1.189588e+05    5.465648e-17
161.53656777180 -12.09905212789 1.075162e-02    1.189588e+05    6.241152e-16
161.53798490352 -12.09958397854 9.431206e-03    1.189588e+05    8.111659e-16
161.54137284876 -12.10084069720 6.293280e-03    1.189588e+05    1.822073e-15
161.54071207148 -12.10059734866 6.890958e-03    1.189588e+05    1.519660e-15
161.54212450117 -12.10112000599 5.589564e-03    1.189588e+05    2.309836e-15
161.52135932462 -12.09340559877 2.493458e-02    1.189588e+05    1.159488e-16
161.53587541724 -12.09879128458 1.139898e-02    1.189588e+05    5.552196e-16
161.54768963516 -12.10318381048 4.139753e-04    1.189588e+05    4.212237e-13
161.52504554653 -12.09476876692 2.148830e-02    1.189588e+05    1.561527e-16
161.53823217502 -12.09967350356 9.200721e-03    1.189588e+05    8.523266e-16
161.54177220660 -12.10098966489 5.909839e-03    1.189588e+05    2.066227e-15
161.53846876922 -12.09976716257 8.980116e-03    1.189588e+05    8.947283e-16
161.54015496870 -12.10037985753 7.426260e-03    1.189588e+05    1.308435e-15
161.54230646864 -12.10118315032 5.424555e-03    1.189588e+05    2.452520e-15
161.54110752164 -12.10073565879 6.534760e-03    1.189588e+05    1.689876e-15
161.52344239314 -12.09417892239 2.298133e-02    1.189588e+05    1.365108e-16
161.54113893990 -12.10075753682 6.509183e-03    1.189588e+05    1.703185e-15
161.52145367113 -12.09344306385 2.483749e-02    1.189588e+05    1.168577e-16
161.53972512295 -12.10022059681 7.814973e-03    1.189588e+05    1.181485e-15
161.54785988119 -12.10326166482 2.458567e-04    1.189588e+05    1.194268e-12
161.53412648557 -12.09814382585 1.303635e-02    1.189588e+05    4.244684e-16
161.54726415427 -12.10302044774 8.057430e-04    1.189588e+05    1.111883e-13
161.51991822932 -12.09285440536 2.627880e-02    1.189588e+05    1.043823e-16
161.52132102000 -12.09339024455 2.497404e-02    1.189588e+05    1.155824e-16
161.52313567788 -12.09405441560 2.327763e-02    1.189588e+05    1.330555e-16
161.54174334876 -12.10097446964 5.938747e-03    1.189588e+05    2.046155e-15
161.52859589883 -12.09608145610 1.818803e-02    1.189588e+05    2.180026e-16
161.52885371489 -12.09617870446 1.794494e-02    1.189588e+05    2.239520e-16
161.54498459719 -12.10218724500 2.928624e-03    1.189588e+05    8.415378e-15
161.54458050985 -12.10202950080 3.293682e-03    1.189588e+05    6.653175e-15
161.52628720176 -12.09523444023 2.033709e-02    1.189588e+05    1.743426e-16
161.54570160863 -12.10245603545 2.247003e-03    1.189588e+05    1.429585e-14
161.54665571022 -12.10280754631 1.374359e-03    1.189588e+05    3.821540e-14
161.54553298721 -12.10239368502 2.410375e-03    1.189588e+05    1.242351e-14
161.54549532233 -12.10236633667 2.445009e-03    1.189588e+05    1.207401e-14
161.50804507923 -12.08845424700 3.734919e-02    1.189588e+05    5.164268e-17
161.51010017684 -12.08921245991 3.543523e-02    1.189588e+05    5.737818e-17
161.54471433158 -12.10207452763 3.178393e-03    1.189588e+05    7.144629e-15
161.54398895183 -12.10182271036 3.849057e-03    1.189588e+05    4.871584e-15
161.54783685082 -12.10323743092 2.641967e-04    1.189588e+05    1.034214e-12
161.54813419531 -12.10334762440 1.892607e-07    1.189588e+05    2.015351e-06
161.52292689016 -12.09397884121 2.346663e-02    1.189588e+05    1.309195e-16
161.51524258830 -12.09111585603 3.064468e-02    1.189588e+05    7.674015e-17
161.54803261714 -12.10331892692 8.466346e-05    1.189588e+05    1.007111e-11
161.53232385397 -12.09748493358 1.471372e-02    1.189588e+05    3.331745e-16
161.54773988842 -12.10320407478 3.677457e-04    1.189588e+05    5.337866e-13
161.54612557170 -12.10260534503 1.854597e-03    1.189588e+05    2.098590e-14
161.53850781282 -12.09976880935 8.958998e-03    1.189588e+05    8.989523e-16
161.51979807574 -12.09282663676 2.638882e-02    1.189588e+05    1.035131e-16
161.54562398061 -12.10242219051 2.334145e-03    1.189588e+05    1.324829e-14
161.52616658119 -12.09518808183 2.044576e-02    1.189588e+05    1.724933e-16
161.53799038660 -12.09958727019 9.430301e-03    1.189588e+05    8.113216e-16
161.51567264836 -12.09129496084 3.023275e-02    1.189588e+05    7.884742e-17
161.52521636418 -12.09483149358 2.134540e-02    1.189588e+05    1.582516e-16
161.53203652552 -12.09737779029 1.498235e-02    1.189588e+05    3.213295e-16
161.54788967058 -12.10326059941 2.116393e-04    1.189588e+05    1.611662e-12
161.54503368751 -12.10219304804 2.874695e-03    1.189588e+05    8.734113e-15
161.51202782909 -12.08993416097 3.363417e-02    1.189588e+05    6.369414e-17
161.51840550487 -12.09229363106 2.769317e-02    1.189588e+05    9.398497e-17
161.53955255912 -12.10015758034 7.988727e-03    1.189588e+05    1.130639e-15
161.53791935406 -12.09956588933 9.494343e-03    1.189588e+05    8.004106e-16
161.53199152831 -12.09734931972 1.502281e-02    1.189588e+05    3.196003e-16
161.51282739400 -12.09022372365 3.289427e-02    1.189588e+05    6.659444e-17
161.50829447991 -12.08853422847 3.711916e-02    1.189588e+05    5.228540e-17
161.54665779875 -12.10279536336 1.366876e-03    1.189588e+05    3.863497e-14
161.51748009931 -12.09195686807 2.854309e-02    1.189588e+05    8.846706e-17
161.50729943915 -12.08816106589 3.805594e-02    1.189588e+05    4.974039e-17
161.52345530705 -12.09418418023 2.296940e-02    1.189588e+05    1.366528e-16
161.52610134218 -12.09515297079 2.051220e-02    1.189588e+05    1.713770e-16
161.53764659410 -12.09945560853 9.762538e-03    1.189588e+05    7.570257e-16
161.54742423568 -12.10309092117 6.444250e-04    1.189588e+05    1.738247e-13
161.54734902502 -12.10305650775 7.307514e-04    1.189588e+05    1.351807e-13
161.54395652846 -12.10180507696 3.881071e-03    1.189588e+05    4.791535e-15
161.53792704383 -12.09956260353 9.498601e-03    1.189588e+05    7.996929e-16
161.53835041438 -12.09972540847 9.098955e-03    1.189588e+05    8.715035e-16
161.51355765345 -12.09049047050 3.221214e-02    1.189588e+05    6.944739e-17
161.54435734887 -12.10195357980 3.498319e-03    1.189588e+05    5.897507e-15
161.53249965956 -12.09754118130 1.454072e-02    1.189588e+05    3.411532e-16
161.53065468086 -12.09685767207 1.627012e-02    1.189588e+05    2.724568e-16
161.51476962016 -12.09095112071 3.107471e-02    1.189588e+05    7.462908e-17
161.51441514604 -12.09081001286 3.141804e-02    1.189588e+05    7.300556e-17
161.54520078657 -12.10226717157 2.727913e-03    1.189588e+05    9.699401e-15
161.54513968408 -12.10224383920 2.778917e-03    1.189588e+05    9.346601e-15
161.51340117064 -12.09043529771 3.235148e-02    1.189588e+05    6.884992e-17
161.54807094927 -12.10332629221 4.790952e-05    1.189588e+05    3.145044e-11
161.52818139807 -12.09592686323 1.857460e-02    1.189588e+05    2.090184e-16
161.53292861769 -12.09769453369 1.414578e-02    1.189588e+05    3.604761e-16
161.54434948214 -12.10194055514 3.509318e-03    1.189588e+05    5.860595e-15
161.54801978397 -12.10330852224 9.531299e-05    1.189588e+05    7.946302e-12
161.51274948635 -12.09019446744 3.297221e-02    1.189588e+05    6.627972e-17
161.54610050698 -12.10259866393 1.891866e-03    1.189588e+05    2.016719e-14
161.53256292749 -12.09755602136 1.449571e-02    1.189588e+05    3.432758e-16
161.53715929675 -12.09927820565 1.020746e-02    1.189588e+05    6.924528e-16
161.54378942763 -12.10173876928 4.032467e-03    1.189588e+05    4.438464e-15
161.51197832562 -12.08991951915 3.367707e-02    1.189588e+05    6.353178e-17
161.54712351784 -12.10298825940 9.275335e-04    1.189588e+05    8.390545e-14
161.52422026763 -12.09447170236 2.226452e-02    1.189588e+05    1.454481e-16
161.54783598683 -12.10324520760 2.735339e-04    1.189588e+05    9.648122e-13
161.54624248605 -12.10264743794 1.758904e-03    1.189588e+05    2.333164e-14
161.51983030613 -12.09283073864 2.636256e-02    1.189588e+05    1.037196e-16
161.53912888416 -12.10001526239 8.371422e-03    1.189588e+05    1.029607e-15
161.53827769335 -12.09969039235 9.158530e-03    1.189588e+05    8.601998e-16
161.54782529101 -12.10324782633 2.729496e-04    1.189588e+05    9.689476e-13
161.53824318414 -12.09966669932 9.202407e-03    1.189588e+05    8.520141e-16
161.51773596975 -12.09204342109 2.831595e-02    1.189588e+05    8.989320e-17
161.54745413393 -12.10310105245 6.165478e-04    1.189588e+05    1.898993e-13
161.54670704776 -12.10282124642 1.312107e-03    1.189588e+05    4.192772e-14
161.51109899221 -12.08958345531 3.450207e-02    1.189588e+05    6.052706e-17
161.54133540253 -12.10083144397 6.319935e-03    1.189588e+05    1.806734e-15
161.54482974769 -12.10212379279 3.067514e-03    1.189588e+05    7.670513e-15
161.52980149956 -12.09653599907 1.705630e-02    1.189588e+05    2.479080e-16
161.50825527850 -12.08853326763 3.715053e-02    1.189588e+05    5.219705e-17
161.54028635293 -12.10044186506 7.293756e-03    1.189588e+05    1.356418e-15
161.54333313856 -12.10157170129 4.467492e-03    1.189588e+05    3.616067e-15
161.50630016634 -12.08779667195 3.899131e-02    1.189588e+05    4.738009e-17
161.51372289459 -12.09055849771 3.204825e-02    1.189588e+05    7.016011e-17
161.53386011851 -12.09804120002 1.327744e-02    1.189588e+05    4.091877e-16
161.53965733568 -12.10020160731 7.890856e-03    1.189588e+05    1.158866e-15
161.53486088203 -12.09841261771 1.234670e-02    1.189588e+05    4.732303e-16
161.54449128424 -12.10200493247 3.382023e-03    1.189588e+05    6.310113e-15
161.54813325904 -12.10334715750 4.793475e-07    1.189588e+05    3.141744e-07
161.54476495474 -12.10209119920 3.130586e-03    1.189588e+05    7.364529e-15
161.53372133582 -12.09798739556 1.340810e-02    1.189588e+05    4.012490e-16
161.54298334338 -12.10143072443 4.793344e-03    1.189588e+05    3.141079e-15
161.52250111577 -12.09382059931 2.387073e-02    1.189588e+05    1.265216e-16
161.53547326243 -12.09865257778 1.177671e-02    1.189588e+05    5.201629e-16
161.51032320150 -12.08928659750 3.523274e-02    1.189588e+05    5.804029e-17
161.53950325537 -12.10014634620 8.016983e-03    1.189588e+05    1.122681e-15
161.54628887569 -12.10267686484 1.704902e-03    1.189588e+05    2.483316e-14
161.54639395817 -12.10271568066 1.603832e-03    1.189588e+05    2.806179e-14
161.54489116632 -12.10215522923 3.007838e-03    1.189588e+05    7.977933e-15
161.54622693138 -12.10264871872 1.773010e-03    1.189588e+05    2.296183e-14
161.54811833469 -12.10335509421 6.421430e-07    1.189588e+05    1.750686e-07
161.54776314540 -12.10321593216 3.438238e-04    1.189588e+05    6.106489e-13
161.54693582688 -12.10291430903 1.111832e-03    1.189588e+05    5.839372e-14
161.53811516117 -12.09963834879 9.315114e-03    1.189588e+05    8.315161e-16
161.52094242590 -12.09324478867 2.531342e-02    1.189588e+05    1.125018e-16
161.51863528981 -12.09239003081 2.747955e-02    1.189588e+05    9.545304e-17
161.51530761516 -12.09114624707 3.057468e-02    1.189588e+05    7.709226e-17
161.52945106155 -12.09641545793 1.739161e-02    1.189588e+05    2.384365e-16
161.54809551151 -12.10333421277 2.388827e-05    1.189588e+05    1.265033e-10
161.53105575310 -12.09701024347 1.589791e-02    1.189588e+05    2.853697e-16
161.51139008046 -12.08969112912 3.423177e-02    1.189588e+05    6.148762e-17
161.53545665255 -12.09864744398 1.179399e-02    1.189588e+05    5.186398e-16
161.51303096490 -12.09029859626 3.270208e-02    1.189588e+05    6.738026e-17
161.50571217762 -12.08757258489 3.953151e-02    1.189588e+05    4.609266e-17
161.54426606619 -12.10191459098 3.593699e-03    1.189588e+05    5.588582e-15
161.51694374784 -12.09175055614 2.905812e-02    1.189588e+05    8.535640e-17
161.54522843067 -12.10227018913 2.698051e-03    1.189588e+05    9.915310e-15
161.52688391704 -12.09545826640 1.977734e-02    1.189588e+05    1.843567e-16
161.52927793445 -12.09634644419 1.755076e-02    1.189588e+05    2.341295e-16
161.54811684312 -12.10335012918 2.670407e-08    1.189588e+05    1.012318e-04
161.54333783799 -12.10156667053 4.454875e-03    1.189588e+05    3.636581e-15
161.54322431285 -12.10152291570 4.568790e-03    1.189588e+05    3.457475e-15
161.54802466020 -12.10330988190 1.024641e-04    1.189588e+05    6.875842e-12
161.54810518041 -12.10334602436 2.610745e-05    1.189588e+05    1.059112e-10
161.54646212281 -12.10273187737 1.539354e-03    1.189588e+05    3.046194e-14
161.53660942015 -12.09906998394 1.071173e-02    1.189588e+05    6.287736e-16
161.53750493188 -12.09939598224 9.889431e-03    1.189588e+05    7.377184e-16
161.53213923290 -12.09741071738 1.487601e-02    1.189588e+05    3.259420e-16
161.50799963305 -12.08842635085 3.739210e-02    1.189588e+05    5.152412e-17
161.54603262482 -12.10257575587 1.941122e-03    1.189588e+05    1.915664e-14
161.51045520713 -12.08933515519 3.510680e-02    1.189588e+05    5.845784e-17
161.50735773129 -12.08819201240 3.799297e-02    1.189588e+05    4.990559e-17
161.51261396020 -12.09014297956 3.308922e-02    1.189588e+05    6.581134e-17
161.54144892256 -12.10086049152 6.213118e-03    1.189588e+05    1.869402e-15
161.54353266348 -12.10164849478 4.268694e-03    1.189588e+05    3.960762e-15
161.51544809033 -12.09120235914 3.044186e-02    1.189588e+05    7.776697e-17
161.54357103373 -12.10166734275 4.233574e-03    1.189588e+05    4.026756e-15
161.51319332910 -12.09036002059 3.255781e-02    1.189588e+05    6.797925e-17
161.53295422277 -12.09771379701 1.413219e-02    1.189588e+05    3.611701e-16
161.54807110530 -12.10333086942 5.823733e-05    1.189588e+05    2.128469e-11
161.54078077962 -12.10062321087 6.841391e-03    1.189588e+05    1.541763e-15
161.51003981056 -12.08919286689 3.549133e-02    1.189588e+05    5.719674e-17
161.54698485287 -12.10292241382 1.055090e-03    1.189588e+05    6.484359e-14
161.51335589832 -12.09043115684 3.239108e-02    1.189588e+05    6.868150e-17
161.52009829023 -12.09293568002 2.610356e-02    1.189588e+05    1.057896e-16
161.53570938334 -12.09872798844 1.156504e-02    1.189588e+05    5.393840e-16
161.54350045745 -12.10162907966 4.312310e-03    1.189588e+05    3.881036e-15
161.53133703747 -12.09710880364 1.562547e-02    1.189588e+05    2.954122e-16
161.54698406168 -12.10293338906 1.057799e-03    1.189588e+05    6.451186e-14
161.54314040792 -12.10150023957 4.631447e-03    1.189588e+05    3.364547e-15
161.50612366892 -12.08774395124 3.914455e-02    1.189588e+05    4.700949e-17
161.53412110536 -12.09814996307 1.304056e-02    1.189588e+05    4.241938e-16
161.54221848881 -12.10116288820 5.498997e-03    1.189588e+05    2.386558e-15
161.51113391207 -12.08959892301 3.447962e-02    1.189588e+05    6.060595e-17
161.54540377434 -12.10233155934 2.539288e-03    1.189588e+05    1.119403e-14
161.51326030838 -12.09039728634 3.248158e-02    1.189588e+05    6.829897e-17
161.51268088070 -12.09016251672 3.303376e-02    1.189588e+05    6.603273e-17
161.50982522765 -12.08910944691 3.568622e-02    1.189588e+05    5.657312e-17
161.54799364976 -12.10329138598 1.253350e-04    1.189588e+05    4.595407e-12
161.53502685210 -12.09847572553 1.219634e-02    1.189588e+05    4.849742e-16
161.54662974218 -12.10279277387 1.400296e-03    1.189588e+05    3.681272e-14
161.54527594635 -12.10229322713 2.657741e-03    1.189588e+05    1.021839e-14
161.52877609045 -12.09616328957 1.801921e-02    1.189588e+05    2.221088e-16
161.54567316424 -12.10243266082 2.282667e-03    1.189588e+05    1.385260e-14
161.50580130421 -12.08761713382 3.944897e-02    1.189588e+05    4.628597e-17
161.53858941515 -12.09979632129 8.882595e-03    1.189588e+05    9.144873e-16
161.53248462713 -12.09754539038 1.455755e-02    1.189588e+05    3.403645e-16
161.53244421348 -12.09752383791 1.459222e-02    1.189588e+05    3.387481e-16
161.53812585617 -12.09962852981 9.315211e-03    1.189588e+05    8.314986e-16
161.54800305749 -12.10331412416 1.080806e-04    1.189588e+05    6.179794e-12
161.51445322941 -12.09083838323 3.136788e-02    1.189588e+05    7.323943e-17
161.52749737089 -12.09568992979 1.920265e-02    1.189588e+05    1.955628e-16
161.54557202559 -12.10240736834 2.368789e-03    1.189588e+05    1.286357e-14
161.54697111892 -12.10291704391 1.077628e-03    1.189588e+05    6.215963e-14
161.53848390958 -12.09976179048 8.983987e-03    1.189588e+05    8.939572e-16
161.54223956454 -12.10116668926 5.475491e-03    1.189588e+05    2.407097e-15
161.52962042806 -12.09646382855 1.723068e-02    1.189588e+05    2.429132e-16
161.51467204452 -12.09092059439 3.117037e-02    1.189588e+05    7.417132e-17
161.53621089991 -12.09892803644 1.109566e-02    1.189588e+05    5.860000e-16
161.54558753113 -12.10240612196 2.359339e-03    1.189588e+05    1.296684e-14
161.54570861743 -12.10244756028 2.257680e-03    1.189588e+05    1.416095e-14
161.52910191572 -12.09627815888 1.770650e-02    1.189588e+05    2.300271e-16
161.54361105929 -12.10166956025 4.200739e-03    1.189588e+05    4.089960e-15
161.54110534028 -12.10074814803 6.534107e-03    1.189588e+05    1.690213e-15
161.54811815361 -12.10335389749 1.225248e-06    1.189588e+05    4.808653e-08
161.54812237692 -12.10335195360 7.204231e-06    1.189588e+05    1.390901e-09
161.52506890929 -12.09478748998 2.147512e-02    1.189588e+05    1.563445e-16
161.54804109097 -12.10331681312 7.203080e-05    1.189588e+05    1.391340e-11
161.54403748578 -12.10182569358 3.805863e-03    1.189588e+05    4.982803e-15
161.53164168275 -12.09722329308 1.533958e-02    1.189588e+05    3.065315e-16
161.52152397696 -12.09345524486 2.477445e-02    1.189588e+05    1.174535e-16
161.50974574988 -12.08907993107 3.577252e-02    1.189588e+05    5.630024e-17
161.53082622976 -12.09691970771 1.609929e-02    1.189588e+05    2.782722e-16
161.54805406916 -12.10332759759 6.886878e-05    1.189588e+05    1.522037e-11
161.54729118933 -12.10304661008 7.780956e-04    1.189588e+05    1.192304e-13
161.53426787030 -12.09820110767 1.290674e-02    1.189588e+05    4.330392e-16
161.52430655593 -12.09449602286 2.217758e-02    1.189588e+05    1.465915e-16
161.51628968517 -12.09150570623 2.966061e-02    1.189588e+05    8.192121e-17
161.52390604349 -12.09434771029 2.254936e-02    1.189588e+05    1.417945e-16
161.53983325247 -12.10027539991 7.720910e-03    1.189588e+05    1.210454e-15
161.53318782407 -12.09780324494 1.391164e-02    1.189588e+05    3.727173e-16
161.54666303856 -12.10281336351 1.353154e-03    1.189588e+05    3.942255e-14
161.50929520001 -12.08890860500 3.618807e-02    1.189588e+05    5.501337e-17
161.54280950845 -12.10137382857 4.946121e-03    1.189588e+05    2.950007e-15
161.51954137371 -12.09272832974 2.662111e-02    1.189588e+05    1.017132e-16
161.54801140072 -12.10330212085 1.081982e-04    1.189588e+05    6.166359e-12
161.53606301696 -12.09887558790 1.122409e-02    1.189588e+05    5.726628e-16
161.52580417370 -12.09506143769 2.078570e-02    1.189588e+05    1.668942e-16
161.54417613800 -12.10188781046 3.670174e-03    1.189588e+05    5.358086e-15
161.52721928292 -12.09557205921 1.947825e-02    1.189588e+05    1.900650e-16
161.52456535236 -12.09459795839 2.193577e-02    1.189588e+05    1.498431e-16
161.53980013887 -12.10025959385 7.752989e-03    1.189588e+05    1.200456e-15
161.53217983082 -12.09742333876 1.485501e-02    1.189588e+05    3.268641e-16
161.54682012915 -12.10287182690 1.210836e-03    1.189588e+05    4.923479e-14
161.51115556448 -12.08959579219 3.445146e-02    1.189588e+05    6.070519e-17
161.53458865573 -12.09832349943 1.260246e-02    1.189588e+05    4.542104e-16
161.54486643422 -12.10213748443 3.029854e-03    1.189588e+05    7.862405e-15
161.53295808270 -12.09771709174 1.412266e-02    1.189588e+05    3.616579e-16
161.53586606318 -12.09878823935 1.140773e-02    1.189588e+05    5.543677e-16
161.54807096933 -12.10333390838 5.271675e-05    1.189588e+05    2.597604e-11
161.52372569376 -12.09427847779 2.272985e-02    1.189588e+05    1.395503e-16
161.51365844089 -12.09054313338 3.211112e-02    1.189588e+05    6.988542e-17
161.52115852794 -12.09333374567 2.511502e-02    1.189588e+05    1.142876e-16
161.53711230918 -12.09925392971 1.025338e-02    1.189588e+05    6.862628e-16
161.53946043707 -12.10011925591 8.066756e-03    1.189588e+05    1.108867e-15
161.52549844986 -12.09493359137 2.107798e-02    1.189588e+05    1.622950e-16
161.54535101870 -12.10232727498 2.580098e-03    1.189588e+05    1.084269e-14
161.54811982359 -12.10335232701 6.021494e-06    1.189588e+05    1.990963e-09
161.50620772599 -12.08776733367 3.906883e-02    1.189588e+05    4.719206e-17
161.51485301025 -12.09097017562 3.100239e-02    1.189588e+05    7.497799e-17
161.52876888850 -12.09615007307 1.803412e-02    1.189588e+05    2.217414e-16
161.53760410229 -12.09944655714 9.796932e-03    1.189588e+05    7.517182e-16
161.53185651356 -12.09729396391 1.515561e-02    1.189588e+05    3.140214e-16
161.54801489995 -12.10331314127 1.012450e-04    1.189588e+05    7.042423e-12
161.50592755096 -12.08766197099 3.933035e-02    1.189588e+05    4.656589e-17
161.52686001336 -12.09545303691 1.980393e-02    1.189588e+05    1.838617e-16
161.54358304270 -12.10167174657 4.223454e-03    1.189588e+05    4.046078e-15
161.53158254105 -12.09719970660 1.539712e-02    1.189588e+05    3.042438e-16
161.53331759479 -12.09785080488 1.378811e-02    1.189588e+05    3.794281e-16
161.54784875607 -12.10325201118 2.640537e-04    1.189588e+05    1.035334e-12
161.53678410061 -12.09912475655 1.055996e-02    1.189588e+05    6.469828e-16
161.54372034870 -12.10170788993 4.094884e-03    1.189588e+05    4.304173e-15
161.54529794561 -12.10230311483 2.627113e-03    1.189588e+05    1.045805e-14
161.52938755395 -12.09638166615 1.744910e-02    1.189588e+05    2.368670e-16
161.53327362273 -12.09783276688 1.381853e-02    1.189588e+05    3.777590e-16
161.54735482619 -12.10306420580 7.226109e-04    1.189588e+05    1.382437e-13
161.50837281755 -12.08857967341 3.704676e-02    1.189588e+05    5.249019e-17
161.54634335567 -12.10269348455 1.661276e-03    1.189588e+05    2.615460e-14
161.50898881898 -12.08880582692 3.646673e-02    1.189588e+05    5.417500e-17
161.52569800898 -12.09501823725 2.089223e-02    1.189588e+05    1.651954e-16
161.50620966655 -12.08776454093 3.907694e-02    1.189588e+05    4.717245e-17
161.53275927858 -12.09763437390 1.430907e-02    1.189588e+05    3.522927e-16
161.54698131039 -12.10293378854 1.059250e-03    1.189588e+05    6.433525e-14
161.51115375052 -12.08959530936 3.445315e-02    1.189588e+05    6.069922e-17
161.54426167915 -12.10191130750 3.593012e-03    1.189588e+05    5.590720e-15
161.52958875770 -12.09646756347 1.726290e-02    1.189588e+05    2.420069e-16
161.54132843457 -12.10083062452 6.317750e-03    1.189588e+05    1.807983e-15
161.54147956714 -12.10087658714 6.179617e-03    1.189588e+05    1.889729e-15
161.51399956226 -12.09067134714 3.179259e-02    1.189588e+05    7.129407e-17
161.51403518777 -12.09068167878 3.176881e-02    1.189588e+05    7.140091e-17
161.54119561975 -12.10078285308 6.443362e-03    1.189588e+05    1.738166e-15
161.50585820925 -12.08763739186 3.938957e-02    1.189588e+05    4.642583e-17
161.50751139744 -12.08824953751 3.785892e-02    1.189588e+05    5.026001e-17
161.54799096177 -12.10330406190 1.162159e-04    1.189588e+05    5.344882e-12
161.54750725113 -12.10312075688 5.749892e-04    1.189588e+05    2.183425e-13
161.52966207670 -12.09648015271 1.719051e-02    1.189588e+05    2.440504e-16
161.53772855205 -12.09948035478 9.677640e-03    1.189588e+05    7.703697e-16
161.50684144352 -12.08799706760 3.847621e-02    1.189588e+05    4.865859e-17
161.52914927546 -12.09628906705 1.766899e-02    1.189588e+05    2.310053e-16
161.52724712293 -12.09558736512 1.945236e-02    1.189588e+05    1.905714e-16
161.52069652133 -12.09315102518 2.555639e-02    1.189588e+05    1.103714e-16
161.52779779888 -12.09579430373 1.892310e-02    1.189588e+05    2.013867e-16
161.52452527280 -12.09458350186 2.197835e-02    1.189588e+05    1.492627e-16
161.54434364207 -12.10194643505 3.518277e-03    1.189588e+05    5.830784e-15
161.54801978721 -12.10331401776 9.902093e-05    1.189588e+05    7.362332e-12
161.54407388835 -12.10184161021 3.773539e-03    1.189588e+05    5.068543e-15
161.53291958340 -12.09770250001 1.416273e-02    1.189588e+05    3.596135e-16
161.52921876014 -12.09632066953 1.760925e-02    1.189588e+05    2.325763e-16
161.52054965633 -12.09310365392 2.567912e-02    1.189588e+05    1.093182e-16
161.53929613211 -12.10005964051 8.217311e-03    1.189588e+05    1.068597e-15
161.54536477458 -12.10231595455 2.576714e-03    1.189588e+05    1.087119e-14
161.54461794325 -12.10204015556 3.263795e-03    1.189588e+05    6.775590e-15
161.52583798933 -12.09506543010 2.075190e-02    1.189588e+05    1.674385e-16
161.50888132176 -12.08875445772 3.656890e-02    1.189588e+05    5.387239e-17
161.54642321290 -12.10272657149 1.579738e-03    1.189588e+05    2.892435e-14
161.54376323180 -12.10173651697 4.051397e-03    1.189588e+05    4.397080e-15
161.54769650895 -12.10319524138 3.901357e-04    1.189588e+05    4.742758e-13
161.54229356834 -12.10118750198 5.432189e-03    1.189588e+05    2.445631e-15
161.52272109577 -12.09390594944 2.366967e-02    1.189588e+05    1.286817e-16
161.53821001772 -12.09965887444 9.233898e-03    1.189588e+05    8.462110e-16
161.54197240258 -12.10105543014 5.730270e-03    1.189588e+05    2.197775e-15
161.54796749003 -12.10329310848 1.409688e-04    1.189588e+05    3.632642e-12
161.54468330412 -12.10207050798 3.201716e-03    1.189588e+05    7.040912e-15
161.54336275880 -12.10158705610 4.425275e-03    1.189588e+05    3.685399e-15
161.53787355497 -12.09954149907 9.539463e-03    1.189588e+05    7.928551e-16
161.54087862455 -12.10066312739 6.746386e-03    1.189588e+05    1.585502e-15
161.52638561012 -12.09527421951 2.023768e-02    1.189588e+05    1.760605e-16
161.54794050801 -12.10328617716 1.751489e-04    1.189588e+05    2.353167e-12
161.53766315678 -12.09946068654 9.731826e-03    1.189588e+05    7.618129e-16
161.54651752615 -12.10276290289 1.494715e-03    1.189588e+05    3.230866e-14
161.54795380400 -12.10328434115 1.653804e-04    1.189588e+05    2.639366e-12
161.54801751897 -12.10331623140 9.554429e-05    1.189588e+05    7.907879e-12
161.54768799308 -12.10319810027 4.026858e-04    1.189588e+05    4.451734e-13
161.51895751804 -12.09250157559 2.716650e-02    1.189588e+05    9.766731e-17
161.54715556230 -12.10299146432 9.052652e-04    1.189588e+05    8.808426e-14
161.51984032804 -12.09283838544 2.634721e-02    1.189588e+05    1.038406e-16
161.53616302679 -12.09890767566 1.114273e-02    1.189588e+05    5.810587e-16
161.54549660576 -12.10236514086 2.448554e-03    1.189588e+05    1.203908e-14
161.54252619714 -12.10127141259 5.202028e-03    1.189588e+05    2.666863e-15
161.54805780860 -12.10332515998 5.822954e-05    1.189588e+05    2.129038e-11
161.54471372009 -12.10207896334 3.174705e-03    1.189588e+05    7.161240e-15
161.51636834098 -12.09155233121 2.958614e-02    1.189588e+05    8.233449e-17
161.53988060861 -12.10028171901 7.673274e-03    1.189588e+05    1.225533e-15
161.53007361389 -12.09664945904 1.680659e-02    1.189588e+05    2.553332e-16
161.53102652719 -12.09699911340 1.591684e-02    1.189588e+05    2.846912e-16
161.52437181022 -12.09451976556 2.212783e-02    1.189588e+05    1.472517e-16
161.54773692164 -12.10320797922 3.592812e-04    1.189588e+05    5.592349e-13
161.54735761898 -12.10306336878 7.095195e-04    1.189588e+05    1.433923e-13
161.51881711395 -12.09245927829 2.729827e-02    1.189588e+05    9.672599e-17
161.52893532773 -12.09622608868 1.786666e-02    1.189588e+05    2.259197e-16
161.53221871689 -12.09743960964 1.481771e-02    1.189588e+05    3.285125e-16
161.53855342794 -12.09979215963 8.915110e-03    1.189588e+05    9.078275e-16
161.52232424396 -12.09374938797 2.403511e-02    1.189588e+05    1.247958e-16
161.54675547882 -12.10285100203 1.272563e-03    1.189588e+05    4.457408e-14
161.53679801806 -12.09912940391 1.054780e-02    1.189588e+05    6.484755e-16
161.50907340010 -12.08883044893 3.638686e-02    1.189588e+05    5.441333e-17
161.54703930410 -12.10293740428 1.015409e-03    1.189588e+05    7.001088e-14
161.52467101802 -12.09462677069 2.185249e-02    1.189588e+05    1.509880e-16
161.53080964636 -12.09691292535 1.612198e-02    1.189588e+05    2.774893e-16
161.51444212032 -12.09083298566 3.137595e-02    1.189588e+05    7.320173e-17
161.50808114697 -12.08846576185 3.731348e-02    1.189588e+05    5.174169e-17
161.51545170687 -12.09121004929 3.043979e-02    1.189588e+05    7.777757e-17
161.54570461565 -12.10244892560 2.245251e-03    1.189588e+05    1.431817e-14
161.52593756416 -12.09509492645 2.067087e-02    1.189588e+05    1.687547e-16
161.54277711414 -12.10136332302 4.985978e-03    1.189588e+05    2.903025e-15
161.53957598196 -12.10016482353 7.957201e-03    1.189588e+05    1.139617e-15
161.54687540401 -12.10288455506 1.155738e-03    1.189588e+05    5.404119e-14
161.54812827972 -12.10335439849 4.447927e-06    1.189588e+05    3.648852e-09
161.53471561912 -12.09835908828 1.248629e-02    1.189588e+05    4.627045e-16
161.51700684985 -12.09177657930 2.899977e-02    1.189588e+05    8.570050e-17
161.51772690248 -12.09204817385 2.831761e-02    1.189588e+05    8.988261e-17
161.52359370002 -12.09422968946 2.285705e-02    1.189588e+05    1.380003e-16
161.50990688046 -12.08913693939 3.561236e-02    1.189588e+05    5.680829e-17
161.52039932485 -12.09304365154 2.583318e-02    1.189588e+05    1.080172e-16
161.54800642362 -12.10331046485 1.173716e-04    1.189588e+05    5.240135e-12
161.53884359352 -12.09989536541 8.644114e-03    1.189588e+05    9.656551e-16
161.54055894329 -12.10054745443 7.041969e-03    1.189588e+05    1.455170e-15
161.54373768218 -12.10171707369 4.083109e-03    1.189588e+05    4.329036e-15
161.54079361709 -12.10063273972 6.816871e-03    1.189588e+05    1.552877e-15
161.53103454060 -12.09698878944 1.591196e-02    1.189588e+05    2.848659e-16
161.51340568891 -12.09044836318 3.235610e-02    1.189588e+05    6.883024e-17
161.52157937920 -12.09347312795 2.473525e-02    1.189588e+05    1.178264e-16
161.54782798733 -12.10324718784 2.802351e-04    1.189588e+05    9.192211e-13
161.54063371422 -12.10057203667 6.966753e-03    1.189588e+05    1.486766e-15
161.54795211318 -12.10329623814 1.566543e-04    1.189588e+05    2.941599e-12
161.54369623265 -12.10170412216 4.118048e-03    1.189588e+05    4.255880e-15
161.53802434025 -12.09958981000 9.410345e-03    1.189588e+05    8.147674e-16
