#        RA [deg]       Dec [deg]  beta    #n scale factor   tot flux [Jy]
159.70942238671 -11.26732286262 3.801403e-03    3.757709e+07    3.151377e-12
159.31288084949 -11.09321162404 1.211693e-01    3.757709e+07    3.014136e-15
159.20356217686 -11.04520875249 1.543127e-01    3.757709e+07    1.843608e-15
158.69788312976 -10.82311185947 3.122654e-01    3.757709e+07    4.335860e-16
159.72180839428 -11.27276057226 2.059460e-04    3.757709e+07    1.074647e-09
159.36725032087 -11.11708502136 1.048145e-01    3.757709e+07    4.044141e-15
159.44692104292 -11.15207395401 8.100024e-02    3.757709e+07    6.810986e-15
158.98365096321 -10.94863102033 2.220541e-01    3.757709e+07    8.759893e-16
159.66489372051 -11.24777491583 1.676201e-02    3.757709e+07    1.615667e-13
158.75154327455 -10.84669282725 2.951309e-01    3.757709e+07    4.873598e-16
159.70716623543 -11.26633289736 4.457060e-03    3.757709e+07    2.292034e-12
159.14731589981 -11.02051126582 1.715017e-01    3.757709e+07    1.486408e-15
159.46934581502 -11.16192073561 7.433154e-02    3.757709e+07    8.101056e-15
159.33707753698 -11.10383660853 1.138817e-01    3.757709e+07    3.418271e-15
158.59608204062 -10.77841643254 3.450146e-01    3.757709e+07    3.524542e-16
159.61266185768 -11.22484096995 3.203546e-02    3.757709e+07    4.406713e-14
159.44889857211 -11.15293792875 8.041298e-02    3.757709e+07    6.911820e-15
159.64831483352 -11.24049436641 2.160194e-02    3.757709e+07    9.716341e-14
159.69897937150 -11.26273752890 6.836260e-03    3.757709e+07    9.737035e-13
158.73181020596 -10.83802277848 3.014210e-01    3.757709e+07    4.665380e-16
158.71374250207 -10.83008680529 3.071939e-01    3.757709e+07    4.485565e-16
158.89108068019 -10.90796800613 2.510016e-01    3.757709e+07    6.808770e-16
159.72227638295 -11.27296596589 7.020567e-05    3.757709e+07    9.247888e-09
159.68012475446 -11.25446234342 1.232307e-02    3.757709e+07    2.992543e-13
159.62544966048 -11.23045774286 2.828945e-02    3.757709e+07    5.656223e-14
158.76146316655 -10.85103982063 2.919744e-01    3.757709e+07    4.983262e-16
159.25137361896 -11.06620032727 1.397769e-01    3.757709e+07    2.254882e-15
158.71948589609 -10.83260048466 3.053584e-01    3.757709e+07    4.541618e-16
159.37211399879 -11.11922159619 1.033552e-01    3.757709e+07    4.160623e-15
159.07153056931 -10.98722607106 1.948120e-01    3.757709e+07    1.145551e-15
159.21097375227 -11.04846331212 1.520554e-01    3.757709e+07    1.899784e-15
158.65541737089 -10.80446583772 3.258881e-01    3.757709e+07    3.968190e-16
158.93666020407 -10.92799447694 2.367154e-01    3.757709e+07    7.681479e-16
158.78729075622 -10.86239149392 2.837679e-01    3.757709e+07    5.285909e-16
159.33817625064 -11.10432136108 1.135513e-01    3.757709e+07    3.438467e-15
159.66928790580 -11.24970332755 1.548140e-02    3.757709e+07    1.894613e-13
158.72438135532 -10.83475083875 3.037950e-01    3.757709e+07    4.590177e-16
159.72116865291 -11.27247967405 3.916598e-04    3.757709e+07    2.971218e-10
158.87428595652 -10.90060223195 2.562803e-01    3.757709e+07    6.522986e-16
158.54436209215 -10.75569180916 3.617818e-01    3.757709e+07    3.192841e-16
159.26418148968 -11.07183154643 1.358918e-01    3.757709e+07    2.387895e-15
158.47997143088 -10.72741171417 3.827745e-01    3.757709e+07    2.838266e-16
159.49557999634 -11.17344087382 6.654477e-02    3.757709e+07    1.012709e-14
158.54054682047 -10.75402040786 3.630211e-01    3.757709e+07    3.170158e-16
158.87614980715 -10.90140930753 2.556955e-01    3.757709e+07    6.553766e-16
158.75594387111 -10.84862360677 2.937331e-01    3.757709e+07    4.921718e-16
159.61487664274 -11.22581759513 3.138532e-02    3.757709e+07    4.591904e-14
158.47592262641 -10.72563726247 3.840960e-01    3.757709e+07    2.817902e-16
159.40075311158 -11.13180088643 9.477830e-02    3.757709e+07    4.958034e-15
159.56554195621 -11.20415415592 4.587877e-02    3.757709e+07    2.141318e-14
158.96358212631 -10.93980905965 2.283063e-01    3.757709e+07    8.274325e-16
159.45304640152 -11.15476516374 7.917680e-02    3.757709e+07    7.131478e-15
158.56118925549 -10.76307944435 3.563155e-01    3.757709e+07    3.295775e-16
159.34519025088 -11.10740064597 1.114396e-01    3.757709e+07    3.571846e-15
159.60656586218 -11.22216867554 3.382253e-02    3.757709e+07    3.951614e-14
158.91531123897 -10.91861841197 2.433994e-01    3.757709e+07    7.253841e-16
159.45302526146 -11.15475644100 7.918335e-02    3.757709e+07    7.130286e-15
159.70615064648 -11.26588655940 4.752007e-03    3.757709e+07    2.016194e-12
158.88558293738 -10.90555463628 2.527280e-01    3.757709e+07    6.713310e-16
159.63055888641 -11.23270233212 2.679343e-02    3.757709e+07    6.307806e-14
158.85534349007 -10.89227514391 2.622459e-01    3.757709e+07    6.220766e-16
158.61070210336 -10.78482736411 3.402907e-01    3.757709e+07    3.627096e-16
159.55131896054 -11.19791357784 5.006832e-02    3.757709e+07    1.796113e-14
159.71272114931 -11.26877131071 2.843613e-03    3.757709e+07    5.633127e-12
159.20831136211 -11.04728824363 1.528680e-01    3.757709e+07    1.879272e-15
159.66773964121 -11.24902219818 1.593263e-02    3.757709e+07    1.788619e-13
159.27472917749 -11.07645849306 1.326968e-01    3.757709e+07    2.506202e-15
159.58606529907 -11.21316651223 3.984122e-02    3.757709e+07    2.843683e-14
159.62153356332 -11.22873671573 2.943635e-02    3.757709e+07    5.222587e-14
158.71947943566 -10.83261065625 3.053593e-01    3.757709e+07    4.541592e-16
159.63355542196 -11.23401724766 2.591617e-02    3.757709e+07    6.743520e-14
158.81845209403 -10.87606921594 2.738956e-01    3.757709e+07    5.687109e-16
159.69189801502 -11.25963097173 8.895725e-03    3.757709e+07    5.747529e-13
159.28172299014 -11.07952924641 1.305810e-01    3.757709e+07    2.589399e-15
159.12851272295 -11.01224909331 1.772697e-01    3.757709e+07    1.389327e-15
158.81943662847 -10.87650477307 2.735868e-01    3.757709e+07    5.700368e-16
159.10476440184 -11.00182309715 1.845677e-01    3.757709e+07    1.279384e-15
159.01578804248 -10.96273679732 2.120654e-01    3.757709e+07    9.627486e-16
159.70683410896 -11.26618701459 4.553137e-03    3.757709e+07    2.196273e-12
158.83542230220 -10.88352358008 2.685319e-01    3.757709e+07    5.924095e-16
158.50640403349 -10.73902235563 3.741374e-01    3.757709e+07    2.976825e-16
159.43149679320 -11.14529604485 8.559785e-02    3.757709e+07    6.092156e-15
159.67285728745 -11.25126998431 1.444041e-02    3.757709e+07    2.178175e-13
159.72020728657 -11.27205775913 6.705613e-04    3.757709e+07    1.013552e-10
159.63685154776 -11.23546345859 2.495306e-02    3.757709e+07    7.275844e-14
159.41628943718 -11.13862551359 9.013461e-02    3.757709e+07    5.488256e-15
158.80954143484 -10.87216640784 2.767164e-01    3.757709e+07    5.568027e-16
159.11955035150 -11.00830640376 1.800231e-01    3.757709e+07    1.346263e-15
159.72187737788 -11.27279072127 1.859620e-04    3.757709e+07    1.318032e-09
158.89311189017 -10.90886613214 2.503620e-01    3.757709e+07    6.844644e-16
159.17309990543 -11.03182620211 1.636133e-01    3.757709e+07    1.636296e-15
159.64491091408 -11.23900325396 2.259670e-02    3.757709e+07    8.877530e-14
159.65512342244 -11.24348491826 1.961358e-02    3.757709e+07    1.179197e-13
158.87621563014 -10.90143651927 2.556750e-01    3.757709e+07    6.554852e-16
159.43585629276 -11.14721711539 8.429697e-02    3.757709e+07    6.283624e-15
158.89608426773 -10.91017375351 2.494301e-01    3.757709e+07    6.897412e-16
159.29173351333 -11.08392717542 1.275541e-01    3.757709e+07    2.715740e-15
159.28038374734 -11.07893908847 1.309872e-01    3.757709e+07    2.573114e-15
159.71425193112 -11.26944261504 2.399020e-03    3.757709e+07    7.915353e-12
159.63836340634 -11.23612876570 2.451084e-02    3.757709e+07    7.541569e-14
158.45332489791 -10.71570512489 3.915007e-01    3.757709e+07    2.707635e-16
158.83535019733 -10.88349623921 2.685566e-01    3.757709e+07    5.922973e-16
159.58834803176 -11.21416920939 3.917078e-02    3.757709e+07    2.942342e-14
159.57140679215 -11.20673214613 4.415090e-02    3.757709e+07    2.313179e-14
159.65783989850 -11.24467862688 1.882063e-02    3.757709e+07    1.280903e-13
158.58656571143 -10.77422212250 3.480958e-01    3.757709e+07    3.459922e-16
158.87381310644 -10.90039037453 2.564292e-01    3.757709e+07    6.515181e-16
159.39096745271 -11.12750576576 9.770567e-02    3.757709e+07    4.662073e-15
159.71240007714 -11.26862951738 2.936822e-03    3.757709e+07    5.281109e-12
159.02009350244 -10.96463177930 2.107266e-01    3.757709e+07    9.753324e-16
159.39068404605 -11.12737927506 9.779266e-02    3.757709e+07    4.653684e-15
158.66322394096 -10.80789666763 3.233768e-01    3.757709e+07    4.032446e-16
159.46111245228 -11.15830355981 7.677761e-02    3.757709e+07    7.588570e-15
159.16512091581 -11.02832363231 1.660518e-01    3.757709e+07    1.587659e-15
159.70679402702 -11.26616898413 4.565278e-03    3.757709e+07    2.184600e-12
159.27145550931 -11.07501852439 1.336894e-01    3.757709e+07    2.468534e-15
159.40581232568 -11.13402240107 9.326628e-02    3.757709e+07    5.121976e-15
159.06642558201 -10.98498342895 1.963858e-01    3.757709e+07    1.126839e-15
159.47986848292 -11.16653816666 7.120510e-02    3.757709e+07    8.834798e-15
159.31337953527 -11.09343362881 1.210205e-01    3.757709e+07    3.021660e-15
158.46080581309 -10.71900224553 3.890462e-01    3.757709e+07    2.743476e-16
159.17328247955 -11.03190942724 1.635546e-01    3.757709e+07    1.637494e-15
159.71532432394 -11.26991342136 2.087858e-03    3.757709e+07    1.045128e-11
158.51020165748 -10.74068565974 3.729015e-01    3.757709e+07    2.997456e-16
159.47717002703 -11.16535595914 7.200637e-02    3.757709e+07    8.637580e-15
159.21343386087 -11.04953967285 1.513070e-01    3.757709e+07    1.918971e-15
159.26614031467 -11.07268898630 1.352974e-01    3.757709e+07    2.409270e-15
159.13813386548 -11.01647498111 1.743166e-01    3.757709e+07    1.437818e-15
159.69165753807 -11.25952416688 8.965684e-03    3.757709e+07    5.658086e-13
159.44891026944 -11.15294461911 8.040811e-02    3.757709e+07    6.912665e-15
159.67566280617 -11.25250115341 1.362291e-02    3.757709e+07    2.447933e-13
159.48044702415 -11.16678952495 7.103470e-02    3.757709e+07    8.877604e-15
159.24252130176 -11.06231445577 1.424632e-01    3.757709e+07    2.169238e-15
158.84543260860 -10.88792841917 2.653716e-01    3.757709e+07    6.070582e-16
158.81183485769 -10.87316928971 2.759924e-01    3.757709e+07    5.598238e-16
158.54751524210 -10.75707397526 3.607583e-01    3.757709e+07    3.211754e-16
159.66079761509 -11.24597702513 1.795695e-02    3.757709e+07    1.407382e-13
158.76251551455 -10.85150156844 2.916428e-01    3.757709e+07    4.994991e-16
158.73646933887 -10.84007289019 2.999355e-01    3.757709e+07    4.713359e-16
159.03115608881 -10.96949259271 2.072965e-01    3.757709e+07    1.008704e-15
159.50882389103 -11.17925340678 6.262270e-02    3.757709e+07    1.144628e-14
159.60146966714 -11.21992944348 3.531805e-02    3.757709e+07    3.622714e-14
159.23744298771 -11.06008687664 1.440040e-01    3.757709e+07    2.122276e-15
159.62999887736 -11.23245427069 2.695757e-02    3.757709e+07    6.230975e-14
159.68065092339 -11.25469086292 1.216983e-02    3.757709e+07    3.068495e-13
159.66762070666 -11.24897059474 1.596719e-02    3.757709e+07    1.780869e-13
158.44425748888 -10.71173311131 3.944748e-01    3.757709e+07    2.665112e-16
159.25756996396 -11.06892304472 1.378958e-01    3.757709e+07    2.317871e-15
159.10685321561 -11.00273782791 1.839273e-01    3.757709e+07    1.288506e-15
159.62359609872 -11.22964509606 2.883114e-02    3.757709e+07    5.444953e-14
159.48896308056 -11.17053386114 6.850695e-02    3.757709e+07    9.550702e-15
159.38869114569 -11.12650374884 9.838730e-02    3.757709e+07    4.596938e-15
159.48870161691 -11.17042040011 6.858402e-02    3.757709e+07    9.529070e-15
158.50062913325 -10.73649134477 3.760246e-01    3.757709e+07    2.945719e-16
159.66395777483 -11.24736222490 1.703572e-02    3.757709e+07    1.564062e-13
159.50927534167 -11.17945449799 6.248876e-02    3.757709e+07    1.149578e-14
158.94940571600 -10.93359206493 2.327327e-01    3.757709e+07    7.954176e-16
159.33811322035 -11.10429259053 1.135704e-01    3.757709e+07    3.437293e-15
159.38534379935 -11.12503301293 9.939036e-02    3.757709e+07    4.503523e-15
159.24151096438 -11.06187685207 1.427687e-01    3.757709e+07    2.159806e-15
159.30488586800 -11.08970303289 1.235812e-01    3.757709e+07    2.895938e-15
159.67146816287 -11.25066022853 1.484513e-02    3.757709e+07    2.060825e-13
158.50661839854 -10.73911998908 3.740697e-01    3.757709e+07    2.977950e-16
159.69275771496 -11.26000772980 8.645410e-03    3.757709e+07    6.085544e-13
158.98894486423 -10.95095541465 2.204068e-01    3.757709e+07    8.894819e-16
159.23834328098 -11.06047876855 1.437324e-01    3.757709e+07    2.130446e-15
158.86379681666 -10.89598195994 2.595836e-01    3.757709e+07    6.353038e-16
159.42120025991 -11.14077558702 8.867059e-02    3.757709e+07    5.673001e-15
159.59958393922 -11.21910261998 3.587071e-02    3.757709e+07    3.511468e-14
159.44156993925 -11.14972621806 8.259490e-02    3.757709e+07    6.547982e-15
159.58529456994 -11.21282944363 4.006792e-02    3.757709e+07    2.811439e-14
159.07574058081 -10.98907165112 1.935115e-01    3.757709e+07    1.161361e-15
159.69473095754 -11.26087433352 8.071720e-03    3.757709e+07    6.982318e-13
159.11396886799 -11.00585597126 1.817377e-01    3.757709e+07    1.320436e-15
158.86623166918 -10.89705318422 2.588184e-01    3.757709e+07    6.391821e-16
158.79459291369 -10.86559105210 2.814527e-01    3.757709e+07    5.376177e-16
159.64435540099 -11.23875609674 2.275879e-02    3.757709e+07    8.751181e-14
159.72250321712 -11.27306542969 4.375296e-06    3.757709e+07    2.381108e-06
159.37888527869 -11.12219929245 1.013259e-01    3.757709e+07    4.331074e-15
158.66805299519 -10.81001132666 3.218280e-01    3.757709e+07    4.072835e-16
159.72178061877 -11.27274814693 2.140100e-04    3.757709e+07    9.951842e-10
159.72148421570 -11.27261830737 3.000638e-04    3.757709e+07    5.062153e-10
159.72224199854 -11.27295065009 8.024221e-05    3.757709e+07    7.079134e-09
159.31239050399 -11.09299766696 1.213169e-01    3.757709e+07    3.006698e-15
159.71498519140 -11.26976475850 2.186320e-03    3.757709e+07    9.530885e-12
159.60543441007 -11.22167155710 3.415384e-02    3.757709e+07    3.875004e-14
159.11553421284 -11.00655364323 1.812558e-01    3.757709e+07    1.327620e-15
159.63501053417 -11.23465492539 2.549096e-02    3.757709e+07    6.971099e-14
159.72061269131 -11.27223576014 5.528511e-04    3.757709e+07    1.491142e-10
158.70303036032 -10.82537800108 3.106195e-01    3.757709e+07    4.383633e-16
158.47975726924 -10.72732103310 3.828426e-01    3.757709e+07    2.837211e-16
159.72170793232 -11.27271631654 2.351080e-04    3.757709e+07    8.245835e-10
159.43459461024 -11.14666386762 8.467345e-02    3.757709e+07    6.227301e-15
159.70236096383 -11.26422292487 5.853127e-03    3.757709e+07    1.328596e-12
159.00200290049 -10.95669367353 2.163440e-01    3.757709e+07    9.241000e-16
158.82547363306 -10.87915114404 2.716775e-01    3.757709e+07    5.783391e-16
159.39156075332 -11.12776353775 9.752946e-02    3.757709e+07    4.679134e-15
159.29881100283 -11.08703760181 1.254172e-01    3.757709e+07    2.810525e-15
159.71090582394 -11.26797353350 3.370626e-03    3.757709e+07    4.008786e-12
159.54119400018 -11.19346426566 5.305597e-02    3.757709e+07    1.598358e-14
158.70666016952 -10.82697399302 3.094586e-01    3.757709e+07    4.417793e-16
158.46929893845 -10.72273363539 3.862627e-01    3.757709e+07    2.784968e-16
158.99839146993 -10.95510350393 2.174685e-01    3.757709e+07    9.143223e-16
158.50033734238 -10.73635845922 3.761169e-01    3.757709e+07    2.944210e-16
159.71373384431 -11.26921560940 2.549437e-03    3.757709e+07    7.008635e-12
159.66081194408 -11.24598328853 1.795278e-02    3.757709e+07    1.408037e-13
159.71967693582 -11.27182486524 8.243156e-04    3.757709e+07    6.706860e-11
159.71587868610 -11.27015778013 1.926848e-03    3.757709e+07    1.227138e-11
158.59250446968 -10.77683626032 3.461706e-01    3.757709e+07    3.500093e-16
159.46773112273 -11.16120978908 7.481161e-02    3.757709e+07    7.996485e-15
159.64026029603 -11.23695994777 2.395547e-02    3.757709e+07    7.896379e-14
158.98843439337 -10.95072971967 2.205633e-01    3.757709e+07    8.881868e-16
159.48012980723 -11.16665139302 7.112918e-02    3.757709e+07    8.853831e-15
159.01419216437 -10.96204278910 2.125607e-01    3.757709e+07    9.581533e-16
159.23045748858 -11.05702010172 1.461264e-01    3.757709e+07    2.060019e-15
159.40843777102 -11.13517776711 9.248034e-02    3.757709e+07    5.210399e-15
158.94291938841 -10.93073732031 2.347594e-01    3.757709e+07    7.813659e-16
158.44027962644 -10.70998569592 3.957768e-01    3.757709e+07    2.646802e-16
159.38669467603 -11.12563122635 9.898562e-02    3.757709e+07    4.540873e-15
159.68965780369 -11.25864586713 9.547488e-03    3.757709e+07    4.988799e-13
159.57229709468 -11.20712010848 4.388950e-02    3.757709e+07    2.340964e-14
159.66535487725 -11.24797555341 1.662835e-02    3.757709e+07    1.641800e-13
159.72089469842 -11.27235923356 4.711099e-04    3.757709e+07    2.053523e-10
159.07265865781 -10.98772165618 1.944639e-01    3.757709e+07    1.149752e-15
159.11677696857 -11.00709787628 1.808733e-01    3.757709e+07    1.333364e-15
158.50103043616 -10.73665576355 3.758931e-01    3.757709e+07    2.947871e-16
159.70503916532 -11.26539971256 5.074814e-03    3.757709e+07    1.767713e-12
159.60059576183 -11.21954673463 3.557340e-02    3.757709e+07    3.570669e-14
159.70644281765 -11.26601466074 4.666878e-03    3.757709e+07    2.090464e-12
158.61870869969 -10.78835007751 3.377093e-01    3.757709e+07    3.684992e-16
159.66433153361 -11.24752819272 1.692645e-02    3.757709e+07    1.584364e-13
159.31008003462 -11.09198340837 1.220141e-01    3.757709e+07    2.971932e-15
159.71851311678 -11.27131356277 1.162086e-03    3.757709e+07    3.374377e-11
159.24913078797 -11.06521469766 1.404561e-01    3.757709e+07    2.232758e-15
159.34264792026 -11.10628823214 1.122050e-01    3.757709e+07    3.522625e-15
159.49266035581 -11.17215791254 6.741150e-02    3.757709e+07    9.866258e-15
159.69913307567 -11.26280489994 6.791673e-03    3.757709e+07    9.865407e-13
159.31075065482 -11.09227606945 1.218140e-01    3.757709e+07    2.981851e-15
159.42631790527 -11.14302590395 8.714267e-02    3.757709e+07    5.875863e-15
158.82291381044 -10.87803287108 2.724874e-01    3.757709e+07    5.747959e-16
159.49427927044 -11.17286351115 6.693159e-02    3.757709e+07    1.000942e-14
158.84030281296 -10.88566779161 2.669911e-01    3.757709e+07    5.994860e-16
159.63911478910 -11.23645643399 2.429046e-02    3.757709e+07    7.679451e-14
159.72038475510 -11.27213522396 6.191084e-04    3.757709e+07    1.189036e-10
159.64897101531 -11.24078522934 2.140998e-02    3.757709e+07    9.891818e-14
159.40635249953 -11.13426191416 9.310474e-02    3.757709e+07    5.139968e-15
159.38199490769 -11.12356182369 1.003931e-01    3.757709e+07    4.412938e-15
158.58276218221 -10.77256553041 3.493231e-01    3.757709e+07    3.434662e-16
159.03530441567 -10.97131329042 2.060121e-01    3.757709e+07    1.021635e-15
159.27072479856 -11.07469883573 1.339114e-01    3.757709e+07    2.460224e-15
159.13666374208 -11.01582888989 1.747690e-01    3.757709e+07    1.430229e-15
159.66203213335 -11.24651879890 1.759726e-02    3.757709e+07    1.465633e-13
159.70842037647 -11.26688345312 4.092541e-03    3.757709e+07    2.718761e-12
159.35407647182 -11.11130321955 1.087688e-01    3.757709e+07    3.751839e-15
159.72171714480 -11.27272040547 2.323677e-04    3.757709e+07    8.441472e-10
159.46337557657 -11.15929782795 7.610600e-02    3.757709e+07    7.724359e-15
159.70839805158 -11.26687385689 4.098873e-03    3.757709e+07    2.710362e-12
159.66738829037 -11.24887105640 1.603445e-02    3.757709e+07    1.765931e-13
159.33201322567 -11.10161367178 1.154057e-01    3.757709e+07    3.327359e-15
159.14115718292 -11.01780098417 1.733904e-01    3.757709e+07    1.453544e-15
159.71366130467 -11.26918426940 2.570502e-03    3.757709e+07    6.894196e-12
159.59860056570 -11.21867149237 3.615972e-02    3.757709e+07    3.455316e-14
159.29409909601 -11.08496205269 1.268397e-01    3.757709e+07    2.746894e-15
159.72128362885 -11.27252995575 3.581871e-04    3.757709e+07    3.552517e-10
159.63127826323 -11.23301722917 2.658354e-02    3.757709e+07    6.408135e-14
159.72000384361 -11.27196792750 7.295813e-04    3.757709e+07    8.561877e-11
159.55157033953 -11.19802074073 4.999391e-02    3.757709e+07    1.801496e-14
159.69181252439 -11.25959181151 8.920722e-03    3.757709e+07    5.715328e-13
159.72104284639 -11.27242413531 4.280947e-04    3.757709e+07    2.486961e-10
158.92342635577 -10.92218432882 2.408565e-01    3.757709e+07    7.412298e-16
159.72081975770 -11.27232633068 4.927700e-04    3.757709e+07    1.876952e-10
158.93609545716 -10.92773606574 2.368924e-01    3.757709e+07    7.669682e-16
159.72179621302 -11.27275496509 2.095505e-04    3.757709e+07    1.037993e-09
158.77679051179 -10.85777426416 2.871053e-01    3.757709e+07    5.159657e-16
159.36474816413 -11.11599216124 1.055664e-01    3.757709e+07    3.986008e-15
158.83547128562 -10.88355051922 2.685156e-01    3.757709e+07    5.924839e-16
158.95784358546 -10.93729420689 2.300979e-01    3.757709e+07    8.142499e-16
159.04743283899 -10.97664379715 2.022563e-01    3.757709e+07    1.060883e-15
159.59126281170 -11.21544946967 3.831418e-02    3.757709e+07    3.076024e-14
159.65446932777 -11.24319751917 1.980487e-02    3.757709e+07    1.156474e-13
159.50147524760 -11.17602588043 6.479945e-02    3.757709e+07    1.068451e-14
159.16239449188 -11.02712671176 1.668849e-01    3.757709e+07    1.571531e-15
159.24405450088 -11.06299223775 1.419972e-01    3.757709e+07    2.183745e-15
159.30850977416 -11.09129653647 1.224896e-01    3.757709e+07    2.948565e-15
158.87605266455 -10.90137361232 2.557263e-01    3.757709e+07    6.552141e-16
159.64827282106 -11.24047620834 2.161429e-02    3.757709e+07    9.705212e-14
159.69761318746 -11.26213833191 7.233669e-03    3.757709e+07    8.695690e-13
159.71646409701 -11.27041473777 1.756905e-03    3.757709e+07    1.476080e-11
159.03912108940 -10.97299367960 2.048290e-01    3.757709e+07    1.033764e-15
158.97718596641 -10.94578295328 2.240678e-01    3.757709e+07    8.599015e-16
158.88035243182 -10.90325350952 2.543735e-01    3.757709e+07    6.624145e-16
159.63024692259 -11.23256165401 2.688499e-02    3.757709e+07    6.264775e-14
159.21664139452 -11.05095473687 1.503288e-01    3.757709e+07    1.944485e-15
159.13177724122 -11.01367913667 1.762673e-01    3.757709e+07    1.405511e-15
159.31992113931 -11.09630884794 1.190465e-01    3.757709e+07    3.124194e-15
159.60354891066 -11.22084218740 3.470761e-02    3.757709e+07    3.751829e-14
158.56406374667 -10.76433889263 3.553847e-01    3.757709e+07    3.313783e-16
159.72197032521 -11.27283138978 1.590092e-04    3.757709e+07    1.802740e-09
159.72214816206 -11.27290969192 1.073902e-04    3.757709e+07    3.952336e-09
159.68225308565 -11.25539452409 1.170337e-02    3.757709e+07    3.318352e-13
159.72230835362 -11.27297988119 6.092344e-05    3.757709e+07    1.228059e-08
159.65636356654 -11.24402824551 1.925172e-02    3.757709e+07    1.224051e-13
159.72240074933 -11.27302043327 3.407623e-05    3.757709e+07    3.925433e-08
158.90046088719 -10.91208845317 2.480569e-01    3.757709e+07    6.976269e-16
159.47918771708 -11.16624394060 7.140728e-02    3.757709e+07    8.784406e-15
159.68334086328 -11.25587185651 1.138645e-02    3.757709e+07    3.505916e-13
159.44518099636 -11.15130433079 8.151972e-02    3.757709e+07    6.723607e-15
159.52855747108 -11.18791812972 5.678576e-02    3.757709e+07    1.394017e-14
159.02952325445 -10.96877581093 2.078050e-01    3.757709e+07    1.003651e-15
159.19519266387 -11.04153585699 1.568663e-01    3.757709e+07    1.782974e-15
159.39926272754 -11.13114793630 9.522347e-02    3.757709e+07    4.911254e-15
158.88549678181 -10.90552304008 2.527565e-01    3.757709e+07    6.711751e-16
159.42797533534 -11.14375240511 8.664871e-02    3.757709e+07    5.943763e-15
159.33683907582 -11.10373516396 1.139520e-01    3.757709e+07    3.413997e-15
158.78606511579 -10.86184348776 2.841603e-01    3.757709e+07    5.270831e-16
159.42748564779 -11.14353615860 8.679337e-02    3.757709e+07    5.923757e-15
159.34830237491 -11.10877006115 1.105041e-01    3.757709e+07    3.633397e-15
159.39225732604 -11.12806788987 9.732004e-02    3.757709e+07    4.699532e-15
159.40859055527 -11.13524127767 9.243579e-02    3.757709e+07    5.215479e-15
159.71313359995 -11.26895281939 2.723763e-03    3.757709e+07    6.139945e-12
159.68917578062 -11.25843343816 9.688004e-03    3.757709e+07    4.844965e-13
158.96066634600 -10.93853977083 2.292160e-01    3.757709e+07    8.207004e-16
159.36601194431 -11.11654687341 1.051872e-01    3.757709e+07    4.015169e-15
159.66801969254 -11.24914815998 1.585082e-02    3.757709e+07    1.807166e-13
159.53830465268 -11.19219901383 5.390798e-02    3.757709e+07    1.547911e-14
159.16968185239 -11.03033036830 1.646553e-01    3.757709e+07    1.615246e-15
159.68426429457 -11.25627839940 1.111719e-02    3.757709e+07    3.678038e-13
159.02886493567 -10.96848250130 2.080072e-01    3.757709e+07    1.001653e-15
159.47598536484 -11.16483725478 7.235867e-02    3.757709e+07    8.552944e-15
159.32491337363 -11.09849679133 1.175421e-01    3.757709e+07    3.205846e-15
159.60042517281 -11.21946911124 3.562454e-02    3.757709e+07    3.560379e-14
158.75935881467 -10.85011822149 2.926434e-01    3.757709e+07    4.959718e-16
158.65241879882 -10.80315497405 3.268518e-01    3.757709e+07    3.943931e-16
159.70090947049 -11.26358574400 6.275352e-03    3.757709e+07    1.155707e-12
158.53730542936 -10.75258768253 3.640746e-01    3.757709e+07    3.151061e-16
159.23214767860 -11.05775535980 1.456145e-01    3.757709e+07    2.074787e-15
159.58307210573 -11.21185116676 4.072020e-02    3.757709e+07    2.721655e-14
159.27715742580 -11.07753079068 1.319628e-01    3.757709e+07    2.534609e-15
159.04145231802 -10.97401079090 2.041108e-01    3.757709e+07    1.041231e-15
158.67067004032 -10.81116125693 3.209897e-01    3.757709e+07    4.094944e-16
158.57550862538 -10.76936978088 3.516740e-01    3.757709e+07    3.387028e-16
159.52076937460 -11.18449715304 5.908784e-02    3.757709e+07    1.286786e-14
158.78065120970 -10.85946657257 2.858780e-01    3.757709e+07    5.205565e-16
159.53961680935 -11.19277610628 5.352053e-02    3.757709e+07    1.570552e-14
159.65997085359 -11.24561294505 1.819890e-02    3.757709e+07    1.370127e-13
159.56272362204 -11.20291775771 4.670718e-02    3.757709e+07    2.065615e-14
159.47122514774 -11.16274421480 7.377266e-02    3.757709e+07    8.225384e-15
159.71342558189 -11.26908068170 2.639091e-03    3.757709e+07    6.540388e-12
159.04159915516 -10.97408398934 2.040628e-01    3.757709e+07    1.041732e-15
158.48168889509 -10.72816069040 3.822130e-01    3.757709e+07    2.846986e-16
158.74449684460 -10.84359100309 2.973778e-01    3.757709e+07    4.797681e-16
159.43697161957 -11.14769974318 8.396600e-02    3.757709e+07    6.333768e-15
158.54028466603 -10.75389551520 3.631055e-01    3.757709e+07    3.168624e-16
159.72009809418 -11.27200972228 7.020946e-04    3.757709e+07    9.245451e-11
158.99669133047 -10.95435851231 2.179941e-01    3.757709e+07    9.098044e-16
159.69909601487 -11.26278874311 6.802377e-03    3.757709e+07    9.834359e-13
159.56026204058 -11.20183492147 4.743333e-02    3.757709e+07    2.002499e-14
158.55063767104 -10.75844801891 3.597417e-01    3.757709e+07    3.230702e-16
159.41394795458 -11.13759774935 9.083402e-02    3.757709e+07    5.403145e-15
159.08272057373 -10.99213578515 1.913600e-01    3.757709e+07    1.188235e-15
158.76093935896 -10.85081138017 2.921412e-01    3.757709e+07    4.977376e-16
159.09184983468 -10.99614863860 1.885446e-01    3.757709e+07    1.224813e-15
159.63724644117 -11.23563716939 2.483665e-02    3.757709e+07    7.344419e-14
159.52551745604 -11.18658384180 5.768555e-02    3.757709e+07    1.350571e-14
159.64410389355 -11.23864942536 2.283219e-02    3.757709e+07    8.694849e-14
159.52309682313 -11.18552187612 5.840050e-02    3.757709e+07    1.317475e-14
159.50061164532 -11.17564481436 6.505530e-02    3.757709e+07    1.059997e-14
159.10222864782 -11.00070259092 1.853480e-01    3.757709e+07    1.268397e-15
158.89183777389 -10.90829760844 2.507648e-01    3.757709e+07    6.822019e-16
159.66923741760 -11.24968296019 1.549583e-02    3.757709e+07    1.891080e-13
159.58055641203 -11.21074595132 4.146100e-02    3.757709e+07    2.624791e-14
159.44151249805 -11.14969879759 8.261189e-02    3.757709e+07    6.545262e-15
159.68372469538 -11.25604081069 1.127456e-02    3.757709e+07    3.575942e-13
158.63332052942 -10.79476898222 3.329954e-01    3.757709e+07    3.794260e-16
159.55069294611 -11.19763459836 5.025305e-02    3.757709e+07    1.782852e-14
158.97190159102 -10.94346747610 2.257113e-01    3.757709e+07    8.470923e-16
158.59726720953 -10.77892409831 3.446338e-01    3.757709e+07    3.532651e-16
159.51771133083 -11.18315678490 5.999340e-02    3.757709e+07    1.247957e-14
158.55847166112 -10.76188230563 3.571987e-01    3.757709e+07    3.278817e-16
158.94694939567 -10.93250561020 2.334983e-01    3.757709e+07    7.900664e-16
159.59834626476 -11.21856089500 3.623411e-02    3.757709e+07    3.441081e-14
158.88040917341 -10.90328166637 2.543571e-01    3.757709e+07    6.625024e-16
159.16380675849 -11.02774804626 1.664552e-01    3.757709e+07    1.579820e-15
159.70823011312 -11.26679952685 4.147836e-03    3.757709e+07    2.646719e-12
159.59048554064 -11.21510758555 3.854219e-02    3.757709e+07    3.039567e-14
158.51147313752 -10.74125586366 3.724842e-01    3.757709e+07    3.004468e-16
159.24455444040 -11.06321006657 1.418461e-01    3.757709e+07    2.188480e-15
159.21669155546 -11.05097148726 1.503159e-01    3.757709e+07    1.944823e-15
159.67738152388 -11.25325567115 1.312219e-02    3.757709e+07    2.638639e-13
158.52244766779 -10.74607017572 3.689116e-01    3.757709e+07    3.065502e-16
159.72088072697 -11.27235286804 4.751940e-04    3.757709e+07    2.018375e-10
159.67502955150 -11.25222376300 1.380752e-02    3.757709e+07    2.382804e-13
159.67304016933 -11.25135091356 1.438702e-02    3.757709e+07    2.194400e-13
159.34125537045 -11.10567183876 1.126231e-01    3.757709e+07    3.496167e-15
159.43126120305 -11.14519433020 8.566769e-02    3.757709e+07    6.082123e-15
159.17816914522 -11.03405385990 1.620619e-01    3.757709e+07    1.668396e-15
158.52617276202 -10.74769708296 3.676969e-01    3.757709e+07    3.086667e-16
159.33055137276 -11.10097463565 1.158450e-01    3.757709e+07    3.301817e-15
159.48726483397 -11.16978767331 6.901122e-02    3.757709e+07    9.410480e-15
159.03913094891 -10.97299117843 2.048270e-01    3.757709e+07    1.033784e-15
158.98864371907 -10.95081979338 2.205010e-01    3.757709e+07    8.887024e-16
159.07488821947 -10.98869357440 1.937747e-01    3.757709e+07    1.158136e-15
159.50272773013 -11.17657484775 6.442857e-02    3.757709e+07    1.080885e-14
159.31332557390 -11.09341077554 1.210346e-01    3.757709e+07    3.020948e-15
159.71710122915 -11.27069400643 1.572009e-03    3.757709e+07    1.843811e-11
159.63303558389 -11.23378808776 2.606839e-02    3.757709e+07    6.664751e-14
159.31402187937 -11.09371146894 1.208254e-01    3.757709e+07    3.031570e-15
159.35030331806 -11.10964280230 1.099036e-01    3.757709e+07    3.673749e-15
159.63205929429 -11.23335820836 2.635446e-02    3.757709e+07    6.520388e-14
159.72213343997 -11.27290319545 1.116737e-04    3.757709e+07    3.654941e-09
159.25793214851 -11.06908501501 1.377859e-01    3.757709e+07    2.321634e-15
158.49361561082 -10.73340216501 3.783116e-01    3.757709e+07    2.908657e-16
159.34769714195 -11.10849825016 1.106870e-01    3.757709e+07    3.621240e-15
159.62787008664 -11.23151901454 2.758035e-02    3.757709e+07    5.951846e-14
159.60863198779 -11.22307548451 3.321701e-02    3.757709e+07    4.097604e-14
159.45074749668 -11.15375457507 7.986151e-02    3.757709e+07    7.008545e-15
159.27142613580 -11.07500770551 1.336991e-01    3.757709e+07    2.468170e-15
159.71709487264 -11.27069170074 1.573737e-03    3.757709e+07    1.839764e-11
159.34192287387 -11.10596742819 1.124226e-01    3.757709e+07    3.508818e-15
158.46850116228 -10.72237993223 3.865244e-01    3.757709e+07    2.781029e-16
159.71469381896 -11.26963724281 2.270897e-03    3.757709e+07    8.833989e-12
159.71000169382 -11.26757654788 3.633313e-03    3.757709e+07    3.449852e-12
159.59680504496 -11.21788384230 3.668624e-02    3.757709e+07    3.356413e-14
158.65480047146 -10.80419151433 3.260853e-01    3.757709e+07    3.963208e-16
159.65007743832 -11.24127194472 2.108688e-02    3.757709e+07    1.019808e-13
159.02384674196 -10.96627945255 2.095658e-01    3.757709e+07    9.864416e-16
159.50278537044 -11.17659858722 6.441103e-02    3.757709e+07    1.081479e-14
159.57933403693 -11.21021122587 4.182046e-02    3.757709e+07    2.579635e-14
158.98492050781 -10.94918838117 2.216571e-01    3.757709e+07    8.792134e-16
159.06109576408 -10.98263532717 1.980349e-01    3.757709e+07    1.107712e-15
159.52603370835 -11.18681042205 5.753137e-02    3.757709e+07    1.357870e-14
159.69877366734 -11.26264765036 6.896354e-03    3.757709e+07    9.567938e-13
158.90129289778 -10.91245931218 2.477933e-01    3.757709e+07    6.991556e-16
159.63645988732 -11.23528932737 2.506743e-02    3.757709e+07    7.209402e-14
158.95474851355 -10.93593694519 2.310619e-01    3.757709e+07    8.072841e-16
159.63741197051 -11.23571115838 2.478844e-02    3.757709e+07    7.373102e-14
159.64816536259 -11.24043097754 2.164535e-02    3.757709e+07    9.677300e-14
159.08068706094 -10.99124006181 1.919867e-01    3.757709e+07    1.180314e-15
159.28023184828 -11.07887159162 1.310330e-01    3.757709e+07    2.571285e-15
159.36872296865 -11.11773381893 1.043740e-01    3.757709e+07    4.078788e-15
159.18719344788 -11.03801886923 1.593057e-01    3.757709e+07    1.727773e-15
159.69976574727 -11.26308315493 6.607913e-03    3.757709e+07    1.042221e-12
159.68354915946 -11.25596483707 1.132610e-02    3.757709e+07    3.543429e-13
158.58914782590 -10.77536511614 3.472562e-01    3.757709e+07    3.477356e-16
159.50884020516 -11.17925896000 6.261799e-02    3.757709e+07    1.144801e-14
158.72194204163 -10.83368484660 3.045742e-01    3.757709e+07    4.565882e-16
159.05087427104 -10.97815659525 2.011927e-01    3.757709e+07    1.072402e-15
159.71832870295 -11.27123267251 1.215610e-03    3.757709e+07    3.083729e-11
159.72174661388 -11.27273311785 2.239221e-04    3.757709e+07    9.090265e-10
159.67916377408 -11.25403872654 1.260269e-02    3.757709e+07    2.861027e-13
159.72224028334 -11.27294995401 8.069798e-05    3.757709e+07    6.999395e-09
159.24608137058 -11.06387528110 1.413813e-01    3.757709e+07    2.203141e-15
159.71845985454 -11.27129067631 1.177630e-03    3.757709e+07    3.285875e-11
158.85364486796 -10.89152695188 2.627833e-01    3.757709e+07    6.194561e-16
158.73120211722 -10.83775417732 3.016144e-01    3.757709e+07    4.659187e-16
159.18140160229 -11.03547115146 1.610750e-01    3.757709e+07    1.689305e-15
159.61951905042 -11.22785207448 3.002578e-02    3.757709e+07    5.018826e-14
159.49206830671 -11.17189604619 6.758572e-02    3.757709e+07    9.815042e-15
158.58577721230 -10.77389020932 3.483474e-01    3.757709e+07    3.454720e-16
159.11757628946 -11.00743953591 1.806295e-01    3.757709e+07    1.337044e-15
158.90749713778 -10.91518351703 2.458487e-01    3.757709e+07    7.105883e-16
159.72229930605 -11.27297587078 6.354417e-05    3.757709e+07    1.128850e-08
159.60285433538 -11.22053874738 3.491178e-02    3.757709e+07    3.707888e-14
158.56554034399 -10.76499800445 3.549053e-01    3.757709e+07    3.323116e-16
159.17631601391 -11.03324695148 1.626278e-01    3.757709e+07    1.656580e-15
159.43771112137 -11.14802898965 8.374372e-02    3.757709e+07    6.367782e-15
158.55758951749 -10.76151058050 3.574844e-01    3.757709e+07    3.273360e-16
159.51102314273 -11.18021498222 6.197203e-02    3.757709e+07    1.168976e-14
159.71281146166 -11.26881135700 2.817258e-03    3.757709e+07    5.739052e-12
159.72083188775 -11.27233159457 4.892291e-04    3.757709e+07    1.904222e-10
158.49124560329 -10.73235671584 3.790886e-01    3.757709e+07    2.896220e-16
159.60637205645 -11.22208096776 3.387948e-02    3.757709e+07    3.938283e-14
159.65052138843 -11.24146306793 2.095779e-02    3.757709e+07    1.032442e-13
159.57600809351 -11.20875177988 4.279798e-02    3.757709e+07    2.462552e-14
158.87716263479 -10.90185313035 2.553780e-01    3.757709e+07    6.570566e-16
158.76779266438 -10.85382914580 2.899621e-01    3.757709e+07    5.055071e-16
159.71992659555 -11.27193431218 7.518829e-04    3.757709e+07    8.061458e-11
158.96222325618 -10.93922190671 2.287313e-01    3.757709e+07    8.242770e-16
158.80648424001 -10.87081009289 2.776861e-01    3.757709e+07    5.527939e-16
159.21258097151 -11.04916905764 1.515676e-01    3.757709e+07    1.912256e-15
159.41022597582 -11.13595857750 9.194804e-02    3.757709e+07    5.271585e-15
159.07085833814 -10.98692418706 1.950181e-01    3.757709e+07    1.143074e-15
159.39064902067 -11.12736287658 9.780206e-02    3.757709e+07    4.652779e-15
159.46980671271 -11.16211795721 7.419422e-02    3.757709e+07    8.131343e-15
159.69750198364 -11.26209060710 7.265956e-03    3.757709e+07    8.618514e-13
159.68152512344 -11.25507579015 1.191504e-02    3.757709e+07    3.201330e-13
159.71253637173 -11.26869010629 2.897086e-03    3.757709e+07    5.427027e-12
159.39426606419 -11.12894962966 9.672051e-02    3.757709e+07    4.758668e-15
159.20096517062 -11.04406719505 1.551044e-01    3.757709e+07    1.824488e-15
158.74025924511 -10.84173311393 2.987278e-01    3.757709e+07    4.752900e-16
158.81231166163 -10.87337669901 2.758379e-01    3.757709e+07    5.604719e-16
159.53307473751 -11.18989930890 5.545288e-02    3.757709e+07    1.462312e-14
159.46176819978 -11.15859448399 7.658259e-02    3.757709e+07    7.627631e-15
159.44283861012 -11.15028086459 8.221705e-02    3.757709e+07    6.608915e-15
159.71551129318 -11.26999547836 2.033472e-03    3.757709e+07    1.101795e-11
159.40200819389 -11.13235545518 9.440287e-02    3.757709e+07    4.998004e-15
158.46366527365 -10.72024902477 3.881124e-01    3.757709e+07    2.757295e-16
158.69828574198 -10.82330170317 3.121356e-01    3.757709e+07    4.339601e-16
159.12774081440 -11.01191047428 1.775064e-01    3.757709e+07    1.385544e-15
158.94769223914 -10.93283302874 2.332672e-01    3.757709e+07    7.916760e-16
159.30091460630 -11.08795979073 1.247799e-01    3.757709e+07    2.839745e-15
158.83615800740 -10.88385572432 2.682996e-01    3.757709e+07    5.934687e-16
159.65587520552 -11.24381693123 1.939421e-02    3.757709e+07    1.206090e-13
158.54178734506 -10.75456731666 3.626152e-01    3.757709e+07    3.177561e-16
159.36832156254 -11.11755547830 1.044943e-01    3.757709e+07    4.069283e-15
158.61019509853 -10.78461044604 3.404534e-01    3.757709e+07    3.623492e-16
159.29989697425 -11.08751160662 1.250897e-01    3.757709e+07    2.825482e-15
158.90764391792 -10.91524625841 2.458023e-01    3.757709e+07    7.108639e-16
159.69511895633 -11.26104396157 7.958969e-03    3.757709e+07    7.181750e-13
158.73928069599 -10.84130182541 2.990396e-01    3.757709e+07    4.742644e-16
159.61248345518 -11.22476382208 3.208817e-02    3.757709e+07    4.392191e-14
158.97856633617 -10.94639396903 2.236373e-01    3.757709e+07    8.633038e-16
159.59668673143 -11.21783008511 3.672176e-02    3.757709e+07    3.349894e-14
159.56619401800 -11.20444110800 4.568544e-02    3.757709e+07    2.159582e-14
159.14794106289 -11.02077588853 1.713126e-01    3.757709e+07    1.489760e-15
159.57460699882 -11.20813766191 4.321038e-02    3.757709e+07    2.415527e-14
159.09765004030 -10.99868898657 1.867598e-01    3.757709e+07    1.248870e-15
159.55766506162 -11.20069532250 4.819889e-02    3.757709e+07    1.939028e-14
158.87420815724 -10.90056361038 2.563046e-01    3.757709e+07    6.521711e-16
158.70756844435 -10.82737101609 3.091650e-01    3.757709e+07    4.426492e-16
159.51075694991 -11.18009982472 6.205145e-02    3.757709e+07    1.165963e-14
158.75574310835 -10.84852852271 2.937945e-01    3.757709e+07    4.919591e-16
159.07946995759 -10.99070689786 1.923629e-01    3.757709e+07    1.175595e-15
159.57318702250 -11.20751294735 4.362701e-02    3.757709e+07    2.369371e-14
158.53621883465 -10.75211756297 3.644274e-01    3.757709e+07    3.144703e-16
158.71512933647 -10.83068967045 3.067506e-01    3.757709e+07    4.499011e-16
159.42927463435 -11.14432189346 8.626095e-02    3.757709e+07    5.997887e-15
159.69554483057 -11.26123184611 7.834999e-03    3.757709e+07    7.411041e-13
159.44756107637 -11.15235521008 8.081089e-02    3.757709e+07    6.843256e-15
158.44314439067 -10.71124719495 3.948390e-01    3.757709e+07    2.659972e-16
159.15260157400 -11.02282894528 1.698841e-01    3.757709e+07    1.515439e-15
159.71059705942 -11.26783810772 3.460376e-03    3.757709e+07    3.803452e-12
159.64806956749 -11.24038905744 2.167388e-02    3.757709e+07    9.651773e-14
159.59498168422 -11.21707939797 3.722246e-02    3.757709e+07    3.259978e-14
158.72688968858 -10.83586228683 3.029939e-01    3.757709e+07    4.615351e-16
159.30632413626 -11.09033189219 1.231478e-01    3.757709e+07    2.916667e-15
158.48651506940 -10.73028315676 3.806321e-01    3.757709e+07    2.871744e-16
159.51653338964 -11.18263569540 6.034157e-02    3.757709e+07    1.233493e-14
159.60733796219 -11.22250473258 3.359628e-02    3.757709e+07    4.005236e-14
159.43631231942 -11.14741245347 8.416125e-02    3.757709e+07    6.304114e-15
159.45684531331 -11.15643305997 7.804780e-02    3.757709e+07    7.341308e-15
159.59954390554 -11.21908181591 3.588318e-02    3.757709e+07    3.509017e-14
159.10309924726 -11.00109314861 1.850809e-01    3.757709e+07    1.272143e-15
159.58123590326 -11.21104822195 4.126048e-02    3.757709e+07    2.650495e-14
159.71951177647 -11.27175205748 8.723228e-04    3.757709e+07    5.988896e-11
159.59060929986 -11.21515982827 3.850597e-02    3.757709e+07    3.045315e-14
159.07996376681 -10.99092322985 1.922080e-01    3.757709e+07    1.177535e-15
158.70666681181 -10.82697642158 3.094546e-01    3.757709e+07    4.417910e-16
158.99193531920 -10.95226786773 2.194745e-01    3.757709e+07    8.972543e-16
158.87522302889 -10.90100381375 2.559857e-01    3.757709e+07    6.538464e-16
159.32806776028 -11.09988327398 1.165920e-01    3.757709e+07    3.259054e-15
159.02321525652 -10.96600101613 2.097609e-01    3.757709e+07    9.845614e-16
158.92287241639 -10.92192930844 2.410304e-01    3.757709e+07    7.401305e-16
158.91646454236 -10.91912266901 2.430363e-01    3.757709e+07    7.276155e-16
158.56469704029 -10.76462509520 3.551766e-01    3.757709e+07    3.317829e-16
159.61971829963 -11.22794284517 2.996759e-02    3.757709e+07    5.038406e-14
158.66682101780 -10.80948169975 3.222212e-01    3.757709e+07    4.062525e-16
158.57860981828 -10.77073680203 3.506715e-01    3.757709e+07    3.407222e-16
159.38336705980 -11.12416820108 9.998249e-02    3.757709e+07    4.449699e-15
159.71767540749 -11.27094564300 1.405211e-03    3.757709e+07    2.307604e-11
159.05585767475 -10.98034104247 1.996540e-01    3.757709e+07    1.089396e-15
159.71135730539 -11.26817262971 3.239371e-03    3.757709e+07    4.340371e-12
159.67445633312 -11.25197268393 1.397468e-02    3.757709e+07    2.326044e-13
159.24824733910 -11.06482894671 1.407235e-01    3.757709e+07    2.224140e-15
159.50943229450 -11.17951796425 6.244318e-02    3.757709e+07    1.151269e-14
159.42341618350 -11.14175339604 8.800767e-02    3.757709e+07    5.759717e-15
159.30860354531 -11.09133588997 1.224611e-01    3.757709e+07    2.949959e-15
159.35058177399 -11.10976978189 1.098210e-01    3.757709e+07    3.679352e-15
159.09901332293 -10.99929428203 1.863402e-01    3.757709e+07    1.254627e-15
159.38426906139 -11.12456594617 9.971268e-02    3.757709e+07    4.474105e-15
159.65220790218 -11.24220429026 2.046456e-02    3.757709e+07    1.082940e-13
159.66379744540 -11.24729472111 1.708236e-02    3.757709e+07    1.555515e-13
158.86504339506 -10.89654244252 2.591907e-01    3.757709e+07    6.372910e-16
159.72223125310 -11.27294612474 8.322976e-05    3.757709e+07    6.580035e-09
159.66108698780 -11.24610383035 1.787319e-02    3.757709e+07    1.420633e-13
159.52040158845 -11.18433933259 5.919739e-02    3.757709e+07    1.281994e-14
159.57201648244 -11.20699883371 4.397193e-02    3.757709e+07    2.332149e-14
159.69822080065 -11.26240613441 7.056707e-03    3.757709e+07    9.137684e-13
159.72061830063 -11.27223793613 5.512488e-04    3.757709e+07    1.499823e-10
159.23391991675 -11.05854067939 1.450755e-01    3.757709e+07    2.090501e-15
158.66106317158 -10.80695042236 3.240710e-01    3.757709e+07    4.014532e-16
158.73494722031 -10.83939802500 3.004226e-01    3.757709e+07    4.697545e-16
159.53360565753 -11.19013328635 5.529467e-02    3.757709e+07    1.470749e-14
159.38742111990 -11.12594858808 9.876796e-02    3.757709e+07    4.561151e-15
159.61615737788 -11.22637651567 3.101036e-02    3.757709e+07    4.704055e-14
159.41906287624 -11.13984125498 8.930624e-02    3.757709e+07    5.591668e-15
158.57814486520 -10.77053646533 3.508203e-01    3.757709e+07    3.404213e-16
159.70155928481 -11.26387132241 6.086140e-03    3.757709e+07    1.228740e-12
159.27916011806 -11.07840781889 1.313571e-01    3.757709e+07    2.558414e-15
158.72584949353 -10.83540558338 3.033229e-01    3.757709e+07    4.604989e-16
158.62694677179 -10.79195950697 3.350533e-01    3.757709e+07    3.745984e-16
159.61567359170 -11.22616771083 3.115261e-02    3.757709e+07    4.661031e-14
158.46045502696 -10.71884386643 3.891637e-01    3.757709e+07    2.741745e-16
159.57913567306 -11.21012488937 4.187837e-02    3.757709e+07    2.572469e-14
159.60598620368 -11.22191305674 3.399311e-02    3.757709e+07    3.911889e-14
159.70686471854 -11.26620048547 4.544449e-03    3.757709e+07    2.204683e-12
158.63858322104 -10.79706765509 3.313033e-01    3.757709e+07    3.834642e-16
158.61875749249 -10.78836977633 3.376925e-01    3.757709e+07    3.685375e-16
159.41116777087 -11.13637730789 9.166485e-02    3.757709e+07    5.304571e-15
158.50707901939 -10.73931639494 3.739186e-01    3.757709e+07    2.980463e-16
158.89878117956 -10.91134941318 2.485853e-01    3.757709e+07    6.945765e-16
158.87130750946 -10.89929312242 2.572178e-01    3.757709e+07    6.474081e-16
158.49274553823 -10.73301698186 3.785984e-01    3.757709e+07    2.904057e-16
159.72243532549 -11.27303554777 2.406265e-05    3.757709e+07    7.872358e-08
159.65512246340 -11.24348385250 1.961359e-02    3.757709e+07    1.179196e-13
159.67698541216 -11.25308401301 1.323715e-02    3.757709e+07    2.592935e-13
158.52597313900 -10.74761708501 3.677640e-01    3.757709e+07    3.085490e-16
159.71518508672 -11.26985300375 2.128028e-03    3.757709e+07    1.006033e-11
159.40826155142 -11.13509775302 9.253483e-02    3.757709e+07    5.204196e-15
159.13562949626 -11.01537015350 1.750860e-01    3.757709e+07    1.424946e-15
159.70904665961 -11.26715823903 3.910430e-03    3.757709e+07    2.978019e-12
158.86267462253 -10.89550297778 2.599361e-01    3.757709e+07    6.335288e-16
158.77133680963 -10.85538664390 2.888363e-01    3.757709e+07    5.095912e-16
159.63636490713 -11.23524839758 2.509482e-02    3.757709e+07    7.193623e-14
159.63740263982 -11.23570425248 2.479136e-02    3.757709e+07    7.371362e-14
159.58087267248 -11.21088674199 4.136787e-02    3.757709e+07    2.636682e-14
159.72251438698 -11.27307035638 1.126713e-06    3.757709e+07    3.590608e-05
158.99388782522 -10.95312060975 2.188692e-01    3.757709e+07    9.023550e-16
159.49365380506 -11.17259402146 6.711600e-02    3.757709e+07    9.954048e-15
159.07026236137 -10.98667205116 1.952023e-01    3.757709e+07    1.140867e-15
159.67213224929 -11.25095280022 1.465144e-02    3.757709e+07    2.115772e-13
159.22317652598 -11.05381829920 1.483406e-01    3.757709e+07    1.997913e-15
158.53377961200 -10.75104176653 3.652238e-01    3.757709e+07    3.130420e-16
159.46346467798 -11.15933287599 7.607934e-02    3.757709e+07    7.729823e-15
159.31470355630 -11.09401073242 1.206208e-01    3.757709e+07    3.042012e-15
158.93105617519 -10.92552225703 2.384698e-01    3.757709e+07    7.565709e-16
159.25111175967 -11.06608738289 1.398537e-01    3.757709e+07    2.252363e-15
159.14472879520 -11.01936562225 1.722967e-01    3.757709e+07    1.472442e-15
159.30777046675 -11.09096724319 1.227123e-01    3.757709e+07    2.937712e-15
159.04502316990 -10.97558592503 2.030030e-01    3.757709e+07    1.052904e-15
159.71991611352 -11.27193013754 7.549999e-04    3.757709e+07    7.995027e-11
159.13629879806 -11.01567147119 1.748807e-01    3.757709e+07    1.428364e-15
159.12590992024 -11.01110741961 1.780703e-01    3.757709e+07    1.376597e-15
159.61747169531 -11.22695538711 3.062510e-02    3.757709e+07    4.823606e-14
159.70488852650 -11.26533274408 5.118681e-03    3.757709e+07    1.737525e-12
159.49632935902 -11.17376330204 6.632394e-02    3.757709e+07    1.019518e-14
158.49818007318 -10.73541878806 3.768214e-01    3.757709e+07    2.932729e-16
159.64307252327 -11.23819554089 2.313346e-02    3.757709e+07    8.469224e-14
159.67730936999 -11.25322520973 1.314353e-02    3.757709e+07    2.630065e-13
159.64501177390 -11.23904435374 2.256694e-02    3.757709e+07    8.901026e-14
158.84250989651 -10.88664319345 2.662956e-01    3.757709e+07    6.027210e-16
158.62328750224 -10.79034981740 3.362322e-01    3.757709e+07    3.718730e-16
158.71188018160 -10.82926556163 3.077858e-01    3.757709e+07    4.467705e-16
158.67309022589 -10.81222368444 3.202113e-01    3.757709e+07    4.115634e-16
158.64884307446 -10.80157729587 3.280016e-01    3.757709e+07    3.915272e-16
159.59455039282 -11.21689340387 3.734830e-02    3.757709e+07    3.237947e-14
158.63067233944 -10.79359304468 3.338524e-01    3.757709e+07    3.774046e-16
159.55417702107 -11.19916669663 4.922670e-02    3.757709e+07    1.858436e-14
159.49143814042 -11.17162032270 6.777290e-02    3.757709e+07    9.760456e-15
159.68214958057 -11.25534889612 1.173332e-02    3.757709e+07    3.301407e-13
159.71762387100 -11.27092297892 1.420254e-03    3.757709e+07    2.258971e-11
159.70384599692 -11.26487409064 5.421856e-03    3.757709e+07    1.548527e-12
159.52176519462 -11.18493439122 5.879412e-02    3.757709e+07    1.299768e-14
159.72251820997 -11.27307200172 1.099461e-08    3.757709e+07    3.770811e-01
159.60086334086 -11.21966142941 3.549603e-02    3.757709e+07    3.586319e-14
159.65997104021 -11.24561333996 1.819821e-02    3.757709e+07    1.370231e-13
158.44961897102 -10.71408323592 3.927140e-01    3.757709e+07    2.690167e-16
159.64382187665 -11.23852461222 2.291468e-02    3.757709e+07    8.632184e-14
158.78423441866 -10.86104538062 2.847376e-01    3.757709e+07    5.248763e-16
158.95781511505 -10.93728405032 2.301062e-01    3.757709e+07    8.141893e-16
159.35934891759 -11.11362330367 1.071858e-01    3.757709e+07    3.864962e-15
159.44372677950 -11.15067341793 8.195207e-02    3.757709e+07    6.652152e-15
159.24625923801 -11.06396226379 1.413268e-01    3.757709e+07    2.204870e-15
159.60483501676 -11.22140862364 3.432993e-02    3.757709e+07    3.835189e-14
159.16377304591 -11.02773577279 1.664644e-01    3.757709e+07    1.579641e-15
159.62692789206 -11.23110504045 2.785635e-02    3.757709e+07    5.834092e-14
159.71388672280 -11.26928286210 2.505237e-03    3.757709e+07    7.258203e-12
159.59920984979 -11.21893494720 3.598125e-02    3.757709e+07    3.489831e-14
159.71569767587 -11.27007797351 1.979200e-03    3.757709e+07    1.163063e-11
159.05772459990 -10.98115459230 1.990759e-01    3.757709e+07    1.095885e-15
159.71829538494 -11.27121794267 1.225292e-03    3.757709e+07    3.035181e-11
158.74219783747 -10.84258210189 2.981096e-01    3.757709e+07    4.773330e-16
159.19533997196 -11.04159991942 1.568194e-01    3.757709e+07    1.784063e-15
159.39024429429 -11.12718530644 9.792437e-02    3.757709e+07    4.641025e-15
158.74308209554 -10.84296615064 2.978273e-01    3.757709e+07    4.782705e-16
159.31736096709 -11.09518213027 1.198182e-01    3.757709e+07    3.083503e-15
159.71933712093 -11.27167582283 9.229904e-04    3.757709e+07    5.349355e-11
159.67924424975 -11.25407367718 1.257933e-02    3.757709e+07    2.871675e-13
159.72113202636 -11.27246325188 4.022177e-04    3.757709e+07    2.817274e-10
159.15527110261 -11.02399800889 1.690670e-01    3.757709e+07    1.530424e-15
159.64166945359 -11.23757936573 2.354441e-02    3.757709e+07    8.175331e-14
159.71738443873 -11.27081843154 1.489843e-03    3.757709e+07    2.052837e-11
158.85302553158 -10.89126393230 2.629766e-01    3.757709e+07    6.185176e-16
159.42166452965 -11.14098282395 8.853157e-02    3.757709e+07    5.691024e-15
159.66937871769 -11.24974450427 1.545423e-02    3.757709e+07    1.901292e-13
159.33149935817 -11.10139176446 1.155605e-01    3.757709e+07    3.318327e-15
158.73583921846 -10.83978528143 3.001388e-01    3.757709e+07    4.706752e-16
158.56219731031 -10.76351941271 3.559916e-01    3.757709e+07    3.302025e-16
158.44537429678 -10.71222348012 3.941045e-01    3.757709e+07    2.670353e-16
158.48932699429 -10.73152006073 3.797151e-01    3.757709e+07    2.886249e-16
159.62649206307 -11.23091591021 2.798393e-02    3.757709e+07    5.780839e-14
159.71473451532 -11.26965444657 2.259034e-03    3.757709e+07    8.927039e-12
158.54397679574 -10.75552102776 3.619053e-01    3.757709e+07    3.190571e-16
158.80111751885 -10.86845977633 2.793851e-01    3.757709e+07    5.458716e-16
158.88753956490 -10.90642204442 2.521137e-01    3.757709e+07    6.747050e-16
159.68092675575 -11.25481254817 1.208931e-02    3.757709e+07    3.109569e-13
159.26361621191 -11.07158045956 1.360636e-01    3.757709e+07    2.381769e-15
159.31922342734 -11.09599937324 1.192585e-01    3.757709e+07    3.112936e-15
159.70507821062 -11.26541646616 5.063713e-03    3.757709e+07    1.775477e-12
159.65696675331 -11.24429345779 1.907596e-02    3.757709e+07    1.246766e-13
159.62139082346 -11.22867513456 2.947809e-02    3.757709e+07    5.207751e-14
159.59689735113 -11.21792227230 3.665954e-02    3.757709e+07    3.361326e-14
158.51229971791 -10.74161316088 3.722145e-01    3.757709e+07    3.009014e-16
159.23398737469 -11.05856332420 1.450556e-01    3.757709e+07    2.091088e-15
159.19724822031 -11.04243929246 1.562379e-01    3.757709e+07    1.797619e-15
158.45574483508 -10.71677039932 3.907058e-01    3.757709e+07    2.719167e-16
159.68852851363 -11.25814956719 9.876199e-03    3.757709e+07    4.661863e-13
159.17164253621 -11.03118551708 1.640588e-01    3.757709e+07    1.627247e-15
159.47511860681 -11.16445270906 7.261535e-02    3.757709e+07    8.492053e-15
159.57672252951 -11.20906724872 4.258778e-02    3.757709e+07    2.487049e-14
159.63815645879 -11.23603488541 2.457162e-02    3.757709e+07    7.504192e-14
159.71025726905 -11.26768945173 3.558899e-03    3.757709e+07    3.595694e-12
159.60486212627 -11.22141706436 3.432247e-02    3.757709e+07    3.836863e-14
158.81569192157 -10.87486463563 2.747697e-01    3.757709e+07    5.649811e-16
159.28318097007 -11.08016787250 1.301398e-01    3.757709e+07    2.607266e-15
158.81947745394 -10.87652474755 2.735741e-01    3.757709e+07    5.700918e-16
158.53607772637 -10.75206083144 3.644744e-01    3.757709e+07    3.143859e-16
159.51928197108 -11.18384627751 5.952850e-02    3.757709e+07    1.267670e-14
158.87661175856 -10.90161586760 2.555498e-01    3.757709e+07    6.561469e-16
159.65575992624 -11.24376582304 1.942805e-02    3.757709e+07    1.201881e-13
159.53688889699 -11.19157345355 5.432592e-02    3.757709e+07    1.524031e-14
159.70817051045 -11.26677306194 4.165365e-03    3.757709e+07    2.624479e-12
159.52367699407 -11.18577159668 5.822916e-02    3.757709e+07    1.325295e-14
159.61726733366 -11.22686712782 3.068553e-02    3.757709e+07    4.804556e-14
159.49406379915 -11.17277089254 6.699590e-02    3.757709e+07    9.990058e-15
158.68512239349 -10.81751950892 3.163505e-01    3.757709e+07    4.220536e-16
159.48098003622 -11.16702919434 7.087559e-02    3.757709e+07    8.917855e-15
158.59235220381 -10.77676882013 3.462209e-01    3.757709e+07    3.499035e-16
159.61569631539 -11.22617378235 3.114579e-02    3.757709e+07    4.663080e-14
158.65928959457 -10.80616367784 3.246437e-01    3.757709e+07    3.999842e-16
159.70282139757 -11.26442442347 5.719440e-03    3.757709e+07    1.391477e-12
159.71855719480 -11.27133299804 1.149324e-03    3.757709e+07    3.449742e-11
159.43198456295 -11.14551033853 8.545254e-02    3.757709e+07    6.113109e-15
159.18597213655 -11.03748514196 1.596801e-01    3.757709e+07    1.719525e-15
159.19562200553 -11.04171547689 1.567360e-01    3.757709e+07    1.785997e-15
158.66970484019 -10.81074139165 3.212984e-01    3.757709e+07    4.086784e-16
159.71362694958 -11.26916919110 2.580464e-03    3.757709e+07    6.841055e-12
159.70758722757 -11.26651738451 4.334528e-03    3.757709e+07    2.423525e-12
159.64481801980 -11.23896291253 2.262348e-02    3.757709e+07    8.856467e-14
159.50913506950 -11.17939259393 6.253018e-02    3.757709e+07    1.148044e-14
158.95274982126 -10.93505219605 2.316893e-01    3.757709e+07    8.027977e-16
158.61733633243 -10.78774449513 3.381527e-01    3.757709e+07    3.674953e-16
159.16002407177 -11.02608482706 1.676101e-01    3.757709e+07    1.557690e-15
159.71463926119 -11.26961272896 2.286537e-03    3.757709e+07    8.713521e-12
159.37131423606 -11.11887590520 1.035948e-01    3.757709e+07    4.141160e-15
158.84298755863 -10.88684542483 2.661455e-01    3.757709e+07    6.034221e-16
158.44676407902 -10.71283598531 3.936506e-01    3.757709e+07    2.676798e-16
159.70442924706 -11.26513185506 5.252179e-03    3.757709e+07    1.650266e-12
159.27193352298 -11.07523382211 1.335442e-01    3.757709e+07    2.473990e-15
159.61804280199 -11.22720763548 3.045781e-02    3.757709e+07    4.876940e-14
158.98560426652 -10.94948984757 2.214454e-01    3.757709e+07    8.809396e-16
158.52855493716 -10.74875334090 3.669206e-01    3.757709e+07    3.100304e-16
159.40191581569 -11.13230804084 9.443045e-02    3.757709e+07    4.995052e-15
159.40475916162 -11.13356049020 9.358087e-02    3.757709e+07    5.087210e-15
159.51290063080 -11.18104605662 6.141603e-02    3.757709e+07    1.190398e-14
159.50471427811 -11.17744986715 6.383850e-02    3.757709e+07    1.101118e-14
158.52950267739 -10.74916101061 3.666128e-01    3.757709e+07    3.105736e-16
159.31229363391 -11.09295092099 1.213480e-01    3.757709e+07    3.005134e-15
159.62304042872 -11.22939789208 2.899497e-02    3.757709e+07    5.383383e-14
159.44448409917 -11.15100372272 8.172752e-02    3.757709e+07    6.689121e-15
158.99494336037 -10.95358719534 2.185413e-01    3.757709e+07    9.051356e-16
158.98357362580 -10.94859115470 2.220766e-01    3.757709e+07    8.758065e-16
159.43411230493 -11.14644826033 8.481807e-02    3.757709e+07    6.205864e-15
159.50332770645 -11.17684310132 6.424949e-02    3.757709e+07    1.086967e-14
159.39927826403 -11.13115168279 9.521897e-02    3.757709e+07    4.911724e-15
159.47591388853 -11.16480262575 7.237898e-02    3.757709e+07    8.548102e-15
159.18089612482 -11.03524771796 1.612302e-01    3.757709e+07    1.685991e-15
159.72240847137 -11.27302378664 3.189581e-05    3.757709e+07    4.480472e-08
158.73277540282 -10.83844458431 3.011167e-01    3.757709e+07    4.675149e-16
159.71934744131 -11.27168014643 9.199893e-04    3.757709e+07    5.384316e-11
159.20916154002 -11.04767101628 1.526078e-01    3.757709e+07    1.885803e-15
158.61986512665 -10.78885583864 3.373367e-01    3.757709e+07    3.693459e-16
159.40855410829 -11.13522297841 9.244711e-02    3.757709e+07    5.214188e-15
159.70747800062 -11.26646928066 4.366186e-03    3.757709e+07    2.388489e-12
159.04695691370 -10.97642597027 2.024054e-01    3.757709e+07    1.059283e-15
159.64732480638 -11.24005991876 2.189110e-02    3.757709e+07    9.460676e-14
158.84451113304 -10.88751710877 2.656632e-01    3.757709e+07    6.056848e-16
158.44646111752 -10.71270333607 3.937489e-01    3.757709e+07    2.675400e-16
159.71228811657 -11.26858039636 2.969283e-03    3.757709e+07    5.166232e-12
159.68502189788 -11.25661217701 1.089666e-02    3.757709e+07    3.828631e-13
158.76818166909 -10.85399345489 2.898408e-01    3.757709e+07    5.059449e-16
159.36873387455 -11.11773968724 1.043707e-01    3.757709e+07    4.079050e-15
159.64884397172 -11.24072753334 2.144792e-02    3.757709e+07    9.856758e-14
159.66777085233 -11.24903657442 1.592376e-02    3.757709e+07    1.790616e-13
159.67085497765 -11.25039024537 1.502443e-02    3.757709e+07    2.011842e-13
159.28459379302 -11.08079078171 1.297133e-01    3.757709e+07    2.624708e-15
159.26804299587 -11.07352194039 1.347213e-01    3.757709e+07    2.430256e-15
159.69678202399 -11.26177273970 7.475405e-03    3.757709e+07    8.141906e-13
158.70180629339 -10.82484917923 3.110095e-01    3.757709e+07    4.372241e-16
159.50250855077 -11.17648318090 6.449253e-02    3.757709e+07    1.078725e-14
159.37730041891 -11.12150602940 1.018007e-01    3.757709e+07    4.290279e-15
159.27968867983 -11.07864299941 1.311964e-01    3.757709e+07    2.564783e-15
159.38208846309 -11.12360456009 1.003670e-01    3.757709e+07    4.415257e-15
158.76121602006 -10.85093482467 2.920550e-01    3.757709e+07    4.980415e-16
159.62157596019 -11.22875604545 2.942394e-02    3.757709e+07    5.227008e-14
159.25519751685 -11.06788020853 1.386147e-01    3.757709e+07    2.293495e-15
159.72103723687 -11.27242195925 4.296877e-04    3.757709e+07    2.468554e-10
159.16554673031 -11.02851022934 1.659222e-01    3.757709e+07    1.590190e-15
159.48804590456 -11.17013294652 6.877866e-02    3.757709e+07    9.474762e-15
158.45953216218 -10.71843157695 3.894637e-01    3.757709e+07    2.737332e-16
159.60463497341 -11.22132093140 3.438862e-02    3.757709e+07    3.822055e-14
159.11692102870 -11.00715835479 1.808301e-01    3.757709e+07    1.334015e-15
159.01673659678 -10.96315655731 2.117682e-01    3.757709e+07    9.655217e-16
159.68432338436 -11.25630508166 1.110023e-02    3.757709e+07    3.689303e-13
159.14661168032 -11.02019770040 1.717172e-01    3.757709e+07    1.482603e-15
159.30498978023 -11.08974444921 1.235509e-01    3.757709e+07    2.897384e-15
159.61849800621 -11.22740799406 3.032445e-02    3.757709e+07    4.920089e-14
159.29918316817 -11.08720077573 1.253045e-01    3.757709e+07    2.815659e-15
159.41914595910 -11.13987234733 8.928333e-02    3.757709e+07    5.594569e-15
158.82180904605 -10.87754988249 2.728358e-01    3.757709e+07    5.732815e-16
159.70579966272 -11.26573293911 4.853715e-03    3.757709e+07    1.932534e-12
159.70418438314 -11.26502311891 5.323281e-03    3.757709e+07    1.606448e-12
159.71047268850 -11.26778418497 3.496275e-03    3.757709e+07    3.725714e-12
159.47469756362 -11.16426964355 7.274017e-02    3.757709e+07    8.462676e-15
158.71132569974 -10.82902715657 3.079654e-01    3.757709e+07    4.462307e-16
159.50148302452 -11.17602965825 6.479588e-02    3.757709e+07    1.068570e-14
159.20536063252 -11.04599333406 1.537672e-01    3.757709e+07    1.856956e-15
158.87551857726 -10.90113482698 2.558934e-01    3.757709e+07    6.543324e-16
159.72192545657 -11.27281188531 1.720169e-04    3.757709e+07    1.540401e-09
159.71255882963 -11.26869918056 2.890684e-03    3.757709e+07    5.451102e-12
159.57533136352 -11.20845575504 4.299731e-02    3.757709e+07    2.439654e-14
159.57304849303 -11.20745239178 4.366821e-02    3.757709e+07    2.364878e-14
158.97706211534 -10.94573899660 2.241032e-01    3.757709e+07    8.596222e-16
159.03457176027 -10.97099271583 2.062413e-01    3.757709e+07    1.019310e-15
159.06244079511 -10.98323180289 1.976183e-01    3.757709e+07    1.112498e-15
158.57744555809 -10.77021977378 3.510458e-01    3.757709e+07    3.399661e-16
159.70706554638 -11.26628812361 4.486436e-03    3.757709e+07    2.262101e-12
159.66892411726 -11.24954416238 1.558661e-02    3.757709e+07    1.869073e-13
159.54500063898 -11.19513533413 5.193155e-02    3.757709e+07    1.668781e-14
159.12834064340 -11.01217656747 1.773236e-01    3.757709e+07    1.388464e-15
159.64701024998 -11.23992309362 2.198283e-02    3.757709e+07    9.381671e-14
159.72197622688 -11.27283405032 1.572950e-04    3.757709e+07    1.842247e-09
159.71734259398 -11.27080012454 1.501772e-03    3.757709e+07    2.020346e-11
158.72803572965 -10.83635674390 3.026289e-01    3.757709e+07    4.626893e-16
158.92155516779 -10.92135223920 2.414436e-01    3.757709e+07    7.375266e-16
159.55397633596 -11.19907872655 4.928480e-02    3.757709e+07    1.854030e-14
159.16305026618 -11.02742153061 1.666845e-01    3.757709e+07    1.575389e-15
159.65974657476 -11.24551428186 1.826465e-02    3.757709e+07    1.360257e-13
159.69196702392 -11.25966037890 8.876068e-03    3.757709e+07    5.773042e-13
159.42560946215 -11.14271204821 8.735299e-02    3.757709e+07    5.847306e-15
159.72156623246 -11.27265418977 2.762391e-04    3.757709e+07    5.973030e-10
159.66306504184 -11.24697233659 1.729545e-02    3.757709e+07    1.517343e-13
158.44519781020 -10.71213331729 3.941657e-01    3.757709e+07    2.669486e-16
158.55601857767 -10.76081001780 3.579928e-01    3.757709e+07    3.263679e-16
159.23480979425 -11.05893286198 1.448053e-01    3.757709e+07    2.098450e-15
159.36273803859 -11.11511132069 1.061680e-01    3.757709e+07    3.940390e-15
158.63245528382 -10.79438215409 3.332745e-01    3.757709e+07    3.787662e-16
158.85177045250 -10.89071273465 2.633736e-01    3.757709e+07    6.165961e-16
159.72202788730 -11.27285671837 1.422700e-04    3.757709e+07    2.251917e-09
159.45379016078 -11.15508942990 7.895586e-02    3.757709e+07    7.171831e-15
159.46335269873 -11.15928830392 7.611294e-02    3.757709e+07    7.722937e-15
159.35325657409 -11.11094506915 1.090172e-01    3.757709e+07    3.734534e-15
159.70567389999 -11.26567822948 4.890563e-03    3.757709e+07    1.903505e-12
159.37598140774 -11.12092560335 1.021968e-01    3.757709e+07    4.256678e-15
158.96753972328 -10.94155109163 2.270723e-01    3.757709e+07    8.366962e-16
159.60287627831 -11.22054471578 3.490501e-02    3.757709e+07    3.709333e-14
158.63239505988 -10.79436297020 3.332962e-01    3.757709e+07    3.787147e-16
159.50029869096 -11.17551306379 6.514675e-02    3.757709e+07    1.057000e-14
159.60362026910 -11.22087603234 3.468604e-02    3.757709e+07    3.756515e-14
158.73682148210 -10.84022675638 2.998247e-01    3.757709e+07    4.716968e-16
159.21328615989 -11.04948272102 1.513507e-01    3.757709e+07    1.917842e-15
159.69588878927 -11.26138131665 7.734940e-03    3.757709e+07    7.604207e-13
159.53282863580 -11.18979494336 5.552397e-02    3.757709e+07    1.458544e-14
159.61663658124 -11.22658616533 3.087054e-02    3.757709e+07    4.746926e-14
159.41745530827 -11.13912989349 8.978795e-02    3.757709e+07    5.531183e-15
159.66395654047 -11.24736228723 1.703566e-02    3.757709e+07    1.564073e-13
158.62186165037 -10.78972574173 3.366919e-01    3.757709e+07    3.708184e-16
159.10696175186 -11.00277840936 1.838931e-01    3.757709e+07    1.288997e-15
159.53250076860 -11.18964888622 5.562116e-02    3.757709e+07    1.453417e-14
159.21850033289 -11.05176946603 1.497652e-01    3.757709e+07    1.959412e-15
159.69743214241 -11.26205977167 7.285916e-03    3.757709e+07    8.571315e-13
158.70048337203 -10.82426256303 3.114345e-01    3.757709e+07    4.359881e-16
158.72361504157 -10.83442039431 3.040398e-01    3.757709e+07    4.582525e-16
158.45236127472 -10.71528383430 3.918174e-01    3.757709e+07    2.703060e-16
159.41890398660 -11.13976858536 8.935560e-02    3.757709e+07    5.585425e-15
158.55093979444 -10.75857697477 3.596425e-01    3.757709e+07    3.232558e-16
159.46928130141 -11.16188984877 7.434964e-02    3.757709e+07    8.097077e-15
159.69434941031 -11.26070469388 8.182903e-03    3.757709e+07    6.793681e-13
159.69111045098 -11.25928280711 9.125199e-03    3.757709e+07    5.461786e-13
159.71293360887 -11.26886395423 2.781948e-03    3.757709e+07    5.885711e-12
159.63705325780 -11.23555382798 2.489354e-02    3.757709e+07    7.310784e-14
159.57783959879 -11.20955541580 4.225976e-02    3.757709e+07    2.526011e-14
159.28979051939 -11.08307375357 1.281414e-01    3.757709e+07    2.690521e-15
159.50588261348 -11.17795870681 6.349343e-02    3.757709e+07    1.113212e-14
159.57949283038 -11.21027824574 4.177343e-02    3.757709e+07    2.585477e-14
158.85686421002 -10.89294937167 2.617674e-01    3.757709e+07    6.244244e-16
159.30442692523 -11.08950258572 1.237195e-01    3.757709e+07    2.889372e-15
159.57580493583 -11.20866288929 4.285819e-02    3.757709e+07    2.455602e-14
158.88250956390 -10.90420608646 2.536939e-01    3.757709e+07    6.660761e-16
158.79880299957 -10.86745047987 2.801183e-01    3.757709e+07    5.429233e-16
159.52479735056 -11.18626624622 5.789773e-02    3.757709e+07    1.340620e-14
159.64872211758 -11.24067598013 2.148258e-02    3.757709e+07    9.824901e-14
159.07005264054 -10.98658021061 1.952662e-01    3.757709e+07    1.140103e-15
159.66019111203 -11.24570838198 1.813449e-02    3.757709e+07    1.379899e-13
159.47731213655 -11.16541607542 7.196570e-02    3.757709e+07    8.647433e-15
159.48785954902 -11.17005117878 6.883443e-02    3.757709e+07    9.459287e-15
159.58089678162 -11.21089475371 4.136093e-02    3.757709e+07    2.637571e-14
159.30395049668 -11.08929413302 1.238648e-01    3.757709e+07    2.882497e-15
159.28917632674 -11.08280116574 1.283285e-01    3.757709e+07    2.682561e-15
159.61241406717 -11.22473377847 3.210848e-02    3.757709e+07    4.386615e-14
159.53317461402 -11.18994587564 5.542170e-02    3.757709e+07    1.463969e-14
158.60908856128 -10.78412865852 3.408115e-01    3.757709e+07    3.615577e-16
158.57475270314 -10.76903595913 3.519208e-01    3.757709e+07    3.382083e-16
159.71853069866 -11.27132159243 1.156998e-03    3.757709e+07    3.404124e-11
159.65712484971 -11.24436233457 1.902932e-02    3.757709e+07    1.252898e-13
159.71381900795 -11.26925360476 2.524583e-03    3.757709e+07    7.147353e-12
159.41230154026 -11.13686985947 9.132717e-02    3.757709e+07    5.344310e-15
159.54431751004 -11.19483500820 5.213407e-02    3.757709e+07    1.655759e-14
159.53056914891 -11.18880279826 5.619244e-02    3.757709e+07    1.423816e-14
159.08153706667 -10.99161723760 1.917238e-01    3.757709e+07    1.183628e-15
159.15279455443 -11.02290812424 1.698257e-01    3.757709e+07    1.516504e-15
159.49200645095 -11.17186660012 6.760570e-02    3.757709e+07    9.809194e-15
159.15436701398 -11.02360558884 1.693427e-01    3.757709e+07    1.525343e-15
159.00595158161 -10.95841597367 2.151184e-01    3.757709e+07    9.349333e-16
159.71938067592 -11.27169507554 9.103823e-04    3.757709e+07    5.498567e-11
158.81426381159 -10.87423724405 2.752232e-01    3.757709e+07    5.630604e-16
159.72240148826 -11.27302082452 3.393561e-05    3.757709e+07    3.958034e-08
159.05213529534 -10.97869977885 2.008044e-01    3.757709e+07    1.076654e-15
158.98829080735 -10.95066904813 2.206071e-01    3.757709e+07    8.878250e-16
158.91054141634 -10.91652341506 2.448928e-01    3.757709e+07    7.163095e-16
159.72208171735 -11.27288043147 1.266627e-04    3.757709e+07    2.841081e-09
159.20092212450 -11.04405131198 1.551186e-01    3.757709e+07    1.824145e-15
159.68134837924 -11.25499841702 1.196635e-02    3.757709e+07    3.173893e-13
159.55328148531 -11.19876964273 4.949010e-02    3.757709e+07    1.838588e-14
159.61692518186 -11.22671590700 3.078542e-02    3.757709e+07    4.773311e-14
158.48549204213 -10.72984397250 3.809685e-01    3.757709e+07    2.866449e-16
159.06466795337 -10.98421496947 1.969294e-01    3.757709e+07    1.120480e-15
158.49738504424 -10.73506103788 3.770801e-01    3.757709e+07    2.928530e-16
158.57522018178 -10.76924675268 3.517698e-01    3.757709e+07    3.385107e-16
158.91613655397 -10.91897211161 2.431404e-01    3.757709e+07    7.269752e-16
159.03087005359 -10.96936963850 2.073876e-01    3.757709e+07    1.007796e-15
159.06944574288 -10.98630552488 1.954550e-01    3.757709e+07    1.137850e-15
159.28346949035 -11.08029460689 1.300531e-01    3.757709e+07    2.610796e-15
159.68810924575 -11.25796640838 9.998655e-03    3.757709e+07    4.548235e-13
159.65134712937 -11.24182802075 2.071616e-02    3.757709e+07    1.056730e-13
158.93135723425 -10.92565979104 2.383735e-01    3.757709e+07    7.572001e-16
159.71716447275 -11.27072197289 1.553488e-03    3.757709e+07    1.888046e-11
159.59011297712 -11.21494402605 3.865152e-02    3.757709e+07    3.022314e-14
159.13932380481 -11.01699945807 1.739532e-01    3.757709e+07    1.443958e-15
159.67274383202 -11.25121933438 1.447376e-02    3.757709e+07    2.168132e-13
159.06587558258 -10.98474132603 1.965564e-01    3.757709e+07    1.124837e-15
158.94473953727 -10.93153693502 2.341898e-01    3.757709e+07    7.852779e-16
158.98756278868 -10.95034700851 2.208363e-01    3.757709e+07    8.859346e-16
158.77255891160 -10.85591711583 2.884464e-01    3.757709e+07    5.110169e-16
158.69134733231 -10.82025153520 3.143592e-01    3.757709e+07    4.276182e-16
159.30681361929 -11.09055149812 1.230014e-01    3.757709e+07    2.923715e-15
158.50200980353 -10.73710089195 3.755716e-01    3.757709e+07    2.953142e-16
158.96990152732 -10.94258461677 2.263381e-01    3.757709e+07    8.422807e-16
158.48483175919 -10.72954975801 3.811853e-01    3.757709e+07    2.863045e-16
159.46991610785 -11.16216556508 7.416172e-02    3.757709e+07    8.138536e-15
158.44914502754 -10.71387384189 3.928722e-01    3.757709e+07    2.687903e-16
158.70947003816 -10.82820755604 3.085599e-01    3.757709e+07    4.444507e-16
158.86846927884 -10.89804456876 2.581131e-01    3.757709e+07    6.427876e-16
158.65686026604 -10.80509977704 3.254253e-01    3.757709e+07    3.979920e-16
158.44487936482 -10.71199982319 3.942684e-01    3.757709e+07    2.668031e-16
159.16421010679 -11.02792557590 1.663311e-01    3.757709e+07    1.582224e-15
159.64885836422 -11.24073469059 2.144276e-02    3.757709e+07    9.861520e-14
159.14872327889 -11.02111972580 1.710714e-01    3.757709e+07    1.494051e-15
158.97447094042 -10.94459359963 2.249142e-01    3.757709e+07    8.532692e-16
159.00661918318 -10.95871763808 2.149103e-01    3.757709e+07    9.367910e-16
159.72224224293 -11.27295100565 8.005410e-05    3.757709e+07    7.112442e-09
159.57824362695 -11.20972969521 4.214093e-02    3.757709e+07    2.540350e-14
159.46800890385 -11.16133438752 7.472729e-02    3.757709e+07    8.014705e-15
159.58798821201 -11.21401233893 3.927525e-02    3.757709e+07    2.926636e-14
159.69629312607 -11.26155981514 7.617589e-03    3.757709e+07    7.840527e-13
158.87610963793 -10.90140258981 2.557077e-01    3.757709e+07    6.553120e-16
158.52393262690 -10.74671832439 3.684277e-01    3.757709e+07    3.073908e-16
159.13213692012 -11.01383581688 1.761593e-01    3.757709e+07    1.407272e-15
158.79059923118 -10.86383348928 2.827204e-01    3.757709e+07    5.326472e-16
159.64886353050 -11.24073855390 2.144160e-02    3.757709e+07    9.862584e-14
159.72077100640 -11.27230487289 5.069668e-04    3.757709e+07    1.773296e-10
159.72249925753 -11.27306363960 5.578920e-06    3.757709e+07    1.464514e-06
158.86236127791 -10.89536311535 2.600363e-01    3.757709e+07    6.330258e-16
158.63140337480 -10.79391986056 3.336133e-01    3.757709e+07    3.779671e-16
159.19330326147 -11.04069862184 1.574427e-01    3.757709e+07    1.769698e-15
159.24091276640 -11.06161192011 1.429494e-01    3.757709e+07    2.154254e-15
159.57259764155 -11.20725446237 4.380041e-02    3.757709e+07    2.350548e-14
159.48326546453 -11.16803172559 7.019672e-02    3.757709e+07    9.092682e-15
159.16212723527 -11.02701334857 1.669667e-01    3.757709e+07    1.569962e-15
158.69264475457 -10.82081233067 3.139440e-01    3.757709e+07    4.287919e-16
159.71412470488 -11.26938707183 2.436055e-03    3.757709e+07    7.676438e-12
158.63830865088 -10.79694958334 3.313920e-01    3.757709e+07    3.832512e-16
159.71289972264 -11.26884917863 2.791838e-03    3.757709e+07    5.844074e-12
159.36505033904 -11.11611963769 1.054754e-01    3.757709e+07    3.992979e-15
158.63474571028 -10.79539294234 3.325396e-01    3.757709e+07    3.805078e-16
159.63504547389 -11.23466954673 2.548155e-02    3.757709e+07    6.976268e-14
159.49929512226 -11.17507151219 6.544382e-02    3.757709e+07    1.047350e-14
159.46136595445 -11.15841222299 7.670365e-02    3.757709e+07    7.603347e-15
159.59798341695 -11.21839971287 3.634021e-02    3.757709e+07    3.420927e-14
159.19795563206 -11.04274490626 1.560218e-01    3.757709e+07    1.802694e-15
159.17147146647 -11.03111639176 1.641080e-01    3.757709e+07    1.626252e-15
158.65992362941 -10.80645093504 3.244366e-01    3.757709e+07    4.005145e-16
159.44174284761 -11.14979719257 8.254272e-02    3.757709e+07    6.556347e-15
158.96195246133 -10.93910361467 2.288137e-01    3.757709e+07    8.236677e-16
159.72051734118 -11.27219369535 5.805718e-04    3.757709e+07    1.352136e-10
159.71259512178 -11.26871604410 2.879883e-03    3.757709e+07    5.492080e-12
158.83760217061 -10.88448364183 2.678425e-01    3.757709e+07    5.955602e-16
158.57414177442 -10.76877943311 3.521155e-01    3.757709e+07    3.378190e-16
159.02518642617 -10.96686921233 2.091502e-01    3.757709e+07    9.904639e-16
159.71611495074 -11.27026140850 1.858060e-03    3.757709e+07    1.319703e-11
