#        RA [deg]       Dec [deg]  beta    #n scale factor   tot flux [Jy]
159.28289286611 -11.11238568605 6.484428e-02    3.483486e+07    9.468166e-15
158.88150015025 -10.96554709590 1.260321e-01    3.483486e+07    2.446636e-15
159.27628230434 -11.10997225558 6.583688e-02    3.483486e+07    9.181206e-15
159.60225484396 -11.22912918768 1.751944e-02    3.483486e+07    1.321795e-13
159.64955393602 -11.24641476253 1.060967e-02    3.483486e+07    3.614134e-13
158.80830711718 -10.93876189515 1.374018e-01    3.483486e+07    2.049342e-15
158.59282785432 -10.85987824032 1.712582e-01    3.483486e+07    1.301877e-15
157.40633291071 -10.42520197469 3.686657e-01    3.483486e+07    2.606190e-16
159.68718045441 -11.26016167825 5.131107e-03    3.483486e+07    1.548607e-12
157.89848913560 -10.60556672044 2.844460e-01    3.483486e+07    4.518739e-16
159.71864886311 -11.27165818801 5.611566e-04    3.483486e+07    1.297158e-10
159.63322162881 -11.24044442374 1.299289e-02    3.483486e+07    2.407582e-13
158.37710131805 -10.78089651815 2.057457e-01    3.483486e+07    8.900595e-16
157.91852855663 -10.61291230086 2.810880e-01    3.483486e+07    4.633246e-16
158.08955329528 -10.67556919299 2.526602e-01    3.483486e+07    5.796873e-16
157.84073892796 -10.58440631576 2.941508e-01    3.483486e+07    4.209990e-16
157.88116161469 -10.59921653413 2.873527e-01    3.483486e+07    4.422912e-16
158.64847513446 -10.88025341049 1.624582e-01    3.483486e+07    1.451692e-15
157.76417787584 -10.55634426059 3.070899e-01    3.483486e+07    3.843853e-16
159.71926363617 -11.27188336247 4.720068e-04    3.483486e+07    1.833496e-10
158.23494030389 -10.72882450359 2.288014e-01    3.483486e+07    7.133687e-16
158.02439319932 -10.65168992796 2.634447e-01    3.483486e+07    5.310108e-16
158.80660913029 -10.93813542527 1.376656e-01    3.483486e+07    2.041287e-15
158.70804498634 -10.90206338090 1.530832e-01    3.483486e+07    1.640918e-15
159.21626522036 -11.08801747297 7.486762e-02    3.483486e+07    7.074499e-15
158.26747111944 -10.74074037885 2.235014e-01    3.483486e+07    7.491246e-16
159.36341435615 -11.14182439528 5.280156e-02    3.483486e+07    1.434807e-14
158.57381824755 -10.85292625019 1.742739e-01    3.483486e+07    1.255741e-15
158.58355024506 -10.85648627709 1.727302e-01    3.483486e+07    1.279051e-15
159.69798591571 -11.26410981980 3.560509e-03    3.483486e+07    3.218202e-12
159.50120547582 -11.19219813265 3.236684e-02    3.483486e+07    3.849675e-14
158.69400573783 -10.89692660721 1.552886e-01    3.483486e+07    1.593271e-15
159.60439756658 -11.22991320709 1.720550e-02    3.483486e+07    1.370644e-13
159.65421164636 -11.24811592333 9.930797e-03    3.483486e+07    4.126274e-13
158.86458985566 -10.95935663655 1.286540e-01    3.483486e+07    2.345519e-15
159.40333792718 -11.15642180916 4.685785e-02    3.483486e+07    1.826206e-14
158.93751310987 -10.98604008326 1.173776e-01    3.483486e+07    2.830317e-15
158.19427751295 -10.71392743072 2.354473e-01    3.483486e+07    6.719519e-16
159.70761462616 -11.26762649424 2.162337e-03    3.483486e+07    8.730406e-12
159.72114197275 -11.27256932111 1.995892e-04    3.483486e+07    1.025534e-09
157.28315098459 -10.38004980405 3.902884e-01    3.483486e+07    2.306799e-16
159.10755738628 -11.04826239062 9.133481e-02    3.483486e+07    4.722632e-15
157.78055833623 -10.56236006465 3.043148e-01    3.483486e+07    3.918379e-16
159.72234199250 -11.27300760828 2.562351e-05    3.483486e+07    6.222675e-08
157.63560970914 -10.50923082809 3.290024e-01    3.483486e+07    3.321369e-16
157.53253368565 -10.47145903901 3.467408e-01    3.483486e+07    2.970412e-16
158.83986847433 -10.95031403651 1.324916e-01    3.483486e+07    2.208293e-15
158.57384285664 -10.85293988265 1.742685e-01    3.483486e+07    1.255821e-15
159.52228547944 -11.19990691093 2.925957e-02    3.483486e+07    4.716589e-14
159.71879141517 -11.27171003408 5.405743e-04    3.483486e+07    1.397828e-10
159.56125038406 -11.21414472710 2.353005e-02    3.483486e+07    7.309936e-14
159.67824483934 -11.25689568548 6.430548e-03    3.483486e+07    9.854637e-13
159.71829845552 -11.27153054812 6.119749e-04    3.483486e+07    1.090649e-10
157.76105918249 -10.55519682283 3.076195e-01    3.483486e+07    3.829864e-16
159.47289283688 -11.18184997364 3.654782e-02    3.483486e+07    3.014232e-14
159.16344495015 -11.06870226957 8.285103e-02    3.483486e+07    5.758591e-15
159.31511120395 -11.12416537675 6.001727e-02    3.483486e+07    1.107360e-14
159.46707657000 -11.17972493977 3.740769e-02    3.483486e+07    2.876264e-14
157.64119650840 -10.51127406967 3.280464e-01    3.483486e+07    3.341955e-16
158.86430177849 -10.95925370696 1.286978e-01    3.483486e+07    2.343883e-15
159.38587442060 -11.15004128455 4.945493e-02    3.483486e+07    1.637745e-14
159.65088942129 -11.24690319579 1.041474e-02    3.483486e+07    3.750983e-13
159.70262068430 -11.26580238422 2.887354e-03    3.483486e+07    4.895024e-12
158.18544538782 -10.71069517523 2.368930e-01    3.483486e+07    6.634077e-16
158.01746761736 -10.64916288807 2.645939e-01    3.483486e+07    5.261782e-16
159.46713326428 -11.17974710997 3.739870e-02    3.483486e+07    2.877658e-14
159.30054522204 -11.11883855366 6.219832e-02    3.483486e+07    1.030168e-14
159.30604503234 -11.12085569073 6.137395e-02    3.483486e+07    1.058374e-14
158.73657582755 -10.91250715606 1.486066e-01    3.483486e+07    1.744310e-15
159.53557168203 -11.20476301867 2.730370e-02    3.483486e+07    5.420767e-14
159.71351987835 -11.26978483224 1.305302e-03    3.483486e+07    2.396674e-11
157.79573805679 -10.56792308453 3.017459e-01    3.483486e+07    3.989250e-16
159.70554219314 -11.26686972940 2.463283e-03    3.483486e+07    6.726670e-12
158.25384104430 -10.73575214280 2.257221e-01    3.483486e+07    7.338314e-16
159.35467760847 -11.13863730189 5.410401e-02    3.483486e+07    1.365850e-14
158.69598770889 -10.89765638888 1.549765e-01    3.483486e+07    1.599890e-15
159.26370460679 -11.10537011056 6.772651e-02    3.483486e+07    8.669524e-15
157.64341260416 -10.51209017017 3.276682e-01    3.483486e+07    3.350149e-16
158.58501602595 -10.85701773948 1.724966e-01    3.483486e+07    1.282634e-15
159.63779919050 -11.24211931471 1.232463e-02    3.483486e+07    2.676466e-13
159.35091493815 -11.13725566661 5.466550e-02    3.483486e+07    1.337637e-14
158.07106997615 -10.66879288230 2.557118e-01    3.483486e+07    5.652756e-16
158.75555390909 -10.91945349904 1.456366e-01    3.483486e+07    1.818285e-15
158.72686590615 -10.90894726232 1.501296e-01    3.483486e+07    1.708085e-15
158.68639352374 -10.89413638141 1.564847e-01    3.483486e+07    1.568278e-15
159.45656977888 -11.17588412593 3.896182e-02    3.483486e+07    2.649737e-14
157.90818810704 -10.60911353460 2.828203e-01    3.483486e+07    4.573657e-16
159.35269521868 -11.13790885002 5.439969e-02    3.483486e+07    1.350884e-14
158.55450698738 -10.84585002446 1.773416e-01    3.483486e+07    1.211230e-15
159.59027602724 -11.22475434738 1.927317e-02    3.483486e+07    1.091424e-13
159.70654369731 -11.26723514687 2.317810e-03    3.483486e+07    7.597989e-12
158.13352157404 -10.69167114228 2.454136e-01    3.483486e+07    6.161297e-16
157.89158701126 -10.60304245470 2.856020e-01    3.483486e+07    4.480270e-16
159.27094347007 -11.10801488927 6.663799e-02    3.483486e+07    8.958934e-15
157.97858446960 -10.63491706029 2.710599e-01    3.483486e+07    5.001421e-16
159.59386498675 -11.22606434092 1.874760e-02    3.483486e+07    1.153717e-13
159.71562718222 -11.27055448889 9.995533e-04    3.483486e+07    4.087639e-11
158.92940118609 -10.98307176186 1.186286e-01    3.483486e+07    2.769580e-15
159.61556957475 -11.23399546262 1.557189e-02    3.483486e+07    1.674406e-13
159.67949416843 -11.25735460349 6.248770e-03    3.483486e+07    1.043708e-12
159.72251857080 -11.27307210679 1.160633e-08    3.483486e+07    3.032979e-01
159.47220362004 -11.18160054054 3.664901e-02    3.483486e+07    2.997488e-14
158.56772018325 -10.85069742448 1.752413e-01    3.483486e+07    1.241450e-15
159.21858705679 -11.08887092424 7.451827e-02    3.483486e+07    7.141974e-15
159.40056941775 -11.15540933126 4.726906e-02    3.483486e+07    1.794277e-14
158.88064992807 -10.96523268566 1.261647e-01    3.483486e+07    2.441369e-15
157.97605296526 -10.63399273543 2.714814e-01    3.483486e+07    4.985104e-16
159.72046553768 -11.27232201342 2.976650e-04    3.483486e+07    4.610535e-10
159.64071838529 -11.24318722837 1.189840e-02    3.483486e+07    2.872145e-13
159.32256956520 -11.12689781634 5.890057e-02    3.483486e+07    1.150258e-14
159.71244945305 -11.26939350757 1.460671e-03    3.483486e+07    1.913810e-11
158.66670284887 -10.88692616767 1.595859e-01    3.483486e+07    1.506099e-15
157.48193575122 -10.45291438520 3.555043e-01    3.483486e+07    2.816528e-16
159.65500529418 -11.24840576668 9.814812e-03    3.483486e+07    4.224570e-13
158.24877247821 -10.73389678776 2.265460e-01    3.483486e+07    7.282733e-16
157.63099231433 -10.50753259126 3.297951e-01    3.483486e+07    3.304436e-16
159.67182455312 -11.25455190180 7.365064e-03    3.483486e+07    7.509666e-13
158.00831774707 -10.64580094805 2.661147e-01    3.483486e+07    5.198802e-16
159.57631368303 -11.21964849696 2.131979e-02    3.483486e+07    8.912047e-14
159.27485030778 -11.10944475248 6.605248e-02    3.483486e+07    9.120586e-15
158.49390128342 -10.82365787742 1.869984e-01    3.483486e+07    1.085297e-15
158.60542899811 -10.86449416261 1.692630e-01    3.483486e+07    1.333784e-15
158.16452960753 -10.70303477217 2.403210e-01    3.483486e+07    6.437715e-16
159.69773142500 -11.26401590555 3.597685e-03    3.483486e+07    3.151988e-12
157.50870646507 -10.46272517652 3.508608e-01    3.483486e+07    2.896595e-16
157.27373456694 -10.37660524660 3.919523e-01    3.483486e+07    2.285843e-16
158.17702825161 -10.70760766596 2.382716e-01    3.483486e+07    6.554071e-16
159.53151217863 -11.20327463404 2.790109e-02    3.483486e+07    5.189884e-14
159.42460384758 -11.16420134621 4.369910e-02    3.483486e+07    2.102403e-14
159.17049795567 -11.07127625050 8.178338e-02    3.483486e+07    5.912418e-15
159.66339695935 -11.25147059990 8.592338e-03    3.483486e+07    5.514890e-13
159.35006149366 -11.13694181628 5.479343e-02    3.483486e+07    1.331331e-14
159.12558893171 -11.05485170198 8.859434e-02    3.483486e+07    5.024751e-15
157.43838110141 -10.43694031199 3.630750e-01    3.483486e+07    2.692674e-16
159.68743424317 -11.26025324589 5.094086e-03    3.483486e+07    1.571220e-12
159.70028965785 -11.26495011576 3.226006e-03    3.483486e+07    3.920716e-12
158.26415273988 -10.73952983720 2.240431e-01    3.483486e+07    7.453518e-16
159.50608315356 -11.19398492895 3.164671e-02    3.483486e+07    4.028029e-14
158.02216394690 -10.65088602685 2.638139e-01    3.483486e+07    5.294510e-16
158.68527586348 -10.89373425950 1.566611e-01    3.483486e+07    1.564641e-15
159.72214770239 -11.27293669367 5.380467e-05    3.483486e+07    1.411269e-08
158.87062030371 -10.96156477180 1.277180e-01    3.483486e+07    2.380897e-15
158.14151362196 -10.69460653063 2.441008e-01    3.483486e+07    6.230873e-16
157.90305953846 -10.60724762560 2.836791e-01    3.483486e+07    4.544527e-16
158.18699581304 -10.71125899245 2.366376e-01    3.483486e+07    6.649054e-16
157.26972714588 -10.37513710700 3.926600e-01    3.483486e+07    2.277014e-16
159.55205187564 -11.21078099701 2.488109e-02    3.483486e+07    6.534098e-14
159.64966653020 -11.24645463777 1.059310e-02    3.483486e+07    3.625471e-13
159.68130383944 -11.25801333127 5.985553e-03    3.483486e+07    1.137642e-12
159.71753880231 -11.27125322192 7.221844e-04    3.483486e+07    7.831351e-11
159.70363024934 -11.26617100704 2.740734e-03    3.483486e+07    5.433088e-12
157.69295471790 -10.53024223098 3.192015e-01    3.483486e+07    3.541489e-16
159.37529381856 -11.14616833388 5.103062e-02    3.483486e+07    1.537204e-14
159.52648252813 -11.20144098777 2.864165e-02    3.483486e+07    4.923514e-14
158.75651854566 -10.91980526722 1.454849e-01    3.483486e+07    1.822188e-15
158.69389925858 -10.89688228713 1.553046e-01    3.483486e+07    1.592933e-15
159.50193382073 -11.19246454576 3.225900e-02    3.483486e+07    3.875624e-14
158.89172830789 -10.96929266883 1.244498e-01    3.483486e+07    2.510803e-15
157.34207075681 -10.40165183361 3.799182e-01    3.483486e+07    2.443839e-16
157.61938918338 -10.50328763488 3.317845e-01    3.483486e+07    3.262492e-16
157.51043986578 -10.46335623306 3.505620e-01    3.483486e+07    2.901858e-16
159.66388762898 -11.25165153698 8.520474e-03    3.483486e+07    5.608473e-13
158.05770469881 -10.66389563395 2.579229e-01    3.483486e+07    5.551574e-16
157.30684851372 -10.38874067907 3.861107e-01    3.483486e+07    2.360643e-16
159.22113527792 -11.08980435618 7.413381e-02    3.483486e+07    7.217342e-15
158.60320345758 -10.86368736490 1.696148e-01    3.483486e+07    1.328075e-15
159.34329540060 -11.13446963019 5.580287e-02    3.483486e+07    1.283086e-14
159.67949813591 -11.25735495239 6.248048e-03    3.483486e+07    1.043950e-12
158.40397063060 -10.79073513611 2.014160e-01    3.483486e+07    9.302885e-16
158.89923488381 -10.97204218193 1.232881e-01    3.483486e+07    2.559507e-15
158.96879519464 -10.99749148288 1.125592e-01    3.483486e+07    3.083650e-15
158.55972936330 -10.84776352389 1.765115e-01    3.483486e+07    1.223043e-15
157.77416781724 -10.56000114577 3.053984e-01    3.483486e+07    3.889031e-16
159.48101490496 -11.18482038769 3.534740e-02    3.483486e+07    3.223984e-14
158.85151009372 -10.95457275200 1.306834e-01    3.483486e+07    2.271433e-15
158.36307867536 -10.77575262286 2.080089e-01    3.483486e+07    8.700378e-16
158.84193140830 -10.95107357715 1.321699e-01    3.483486e+07    2.219337e-15
158.00895571146 -10.64603472836 2.660087e-01    3.483486e+07    5.203156e-16
159.71782284395 -11.27135627952 6.810423e-04    3.483486e+07    8.806269e-11
159.50850075394 -11.19486708572 3.129082e-02    3.483486e+07    4.120761e-14
159.16472311588 -11.06916774241 8.265754e-02    3.483486e+07    5.786025e-15
159.69292018079 -11.26225853205 4.296542e-03    3.483486e+07    2.209382e-12
157.60510287744 -10.49805587397 3.342382e-01    3.483486e+07    3.211805e-16
158.72028716894 -10.90654022987 1.511606e-01    3.483486e+07    1.684188e-15
158.31808850489 -10.75927653981 2.152848e-01    3.483486e+07    8.099519e-16
157.79131067859 -10.56629532384 3.024950e-01    3.483486e+07    3.968394e-16
158.35048363717 -10.77114339987 2.100414e-01    3.483486e+07    8.526133e-16
159.69432736418 -11.26277343886 4.092119e-03    3.483486e+07    2.435836e-12
159.43255701615 -11.16710698725 4.252002e-02    3.483486e+07    2.221663e-14
158.79269445028 -10.93304383208 1.398355e-01    3.483486e+07    1.976751e-15
158.58697667177 -10.85774750606 1.721861e-01    3.483486e+07    1.287420e-15
159.22510696114 -11.09124967005 7.353552e-02    3.483486e+07    7.336999e-15
158.98930178028 -11.00499404036 1.094079e-01    3.483486e+07    3.267895e-15
159.51040195729 -11.19556408286 3.101018e-02    3.483486e+07    4.196155e-14
159.67494581665 -11.25569129570 6.910496e-03    3.483486e+07    8.531678e-13
158.76339241499 -10.92232811953 1.444099e-01    3.483486e+07    1.850193e-15
157.57673819450 -10.48766506539 3.391150e-01    3.483486e+07    3.114391e-16
159.71649787815 -11.27087221837 8.732622e-04    3.483486e+07    5.355711e-11
159.51295811091 -11.19649451518 3.063405e-02    3.483486e+07    4.300476e-14
157.30746229848 -10.38895296442 3.860056e-01    3.483486e+07    2.362022e-16
159.54858245560 -11.20951772959 2.539093e-02    3.483486e+07    6.273049e-14
157.67542637300 -10.52381925860 3.221922e-01    3.483486e+07    3.472137e-16
159.56598322610 -11.21587342857 2.283556e-02    3.483486e+07    7.763482e-14
158.49747952683 -10.82496995886 1.864281e-01    3.483486e+07    1.092187e-15
159.57101097975 -11.21771247102 2.209734e-02    3.483486e+07    8.293317e-14
158.13256793706 -10.69132375837 2.455704e-01    3.483486e+07    6.153064e-16
157.55295705567 -10.47894122270 3.432143e-01    3.483486e+07    3.035775e-16
159.69105536061 -11.26157655225 4.567565e-03    3.483486e+07    1.954754e-12
159.70814300345 -11.26782077792 2.085463e-03    3.483486e+07    9.386197e-12
158.06657788636 -10.66714475590 2.564554e-01    3.483486e+07    5.618431e-16
159.08865811040 -11.04134690379 9.421224e-02    3.483486e+07    4.433524e-15
158.87952325454 -10.96482900663 1.263383e-01    3.483486e+07    2.434500e-15
158.91527805335 -10.97790717667 1.208081e-01    3.483486e+07    2.668267e-15
159.62405695744 -11.23709705298 1.433113e-02    3.483486e+07    1.977874e-13
159.50801202994 -11.19469039538 3.136263e-02    3.483486e+07    4.101795e-14
159.72145115039 -11.27268233946 1.547833e-04    3.483486e+07    1.705232e-09
158.66652203248 -10.88686955597 1.596130e-01    3.483486e+07    1.505572e-15
159.25813164267 -11.10333347062 6.856317e-02    3.483486e+07    8.456426e-15
158.78195745798 -10.92911538462 1.415113e-01    3.483486e+07    1.928945e-15
159.64204883905 -11.24366962856 1.170434e-02    3.483486e+07    2.968405e-13
158.61811314757 -10.86914811215 1.672543e-01    3.483486e+07    1.367078e-15
157.54693542455 -10.47672685605 3.442539e-01    3.483486e+07    3.016292e-16
159.34060571675 -11.13348567707 5.620492e-02    3.483486e+07    1.264592e-14
159.05536428210 -11.02916800043 9.929124e-02    3.483486e+07    3.983570e-15
159.39661112891 -11.15396343986 4.785756e-02    3.483486e+07    1.750009e-14
157.45838079996 -10.44427147296 3.595945e-01    3.483486e+07    2.748618e-16
159.15568472013 -11.06586446609 8.402758e-02    3.483486e+07    5.595852e-15
158.58377804807 -10.85657149950 1.726936e-01    3.483486e+07    1.279612e-15
159.71896744927 -11.27177497230 5.150124e-04    3.483486e+07    1.540046e-10
159.71570389819 -11.27058236403 9.883237e-04    3.483486e+07    4.181075e-11
158.56845100201 -10.85095979511 1.751244e-01    3.483486e+07    1.243162e-15
158.18454895452 -10.71037404939 2.370386e-01    3.483486e+07    6.625558e-16
158.92203213391 -10.98037792604 1.197651e-01    3.483486e+07    2.716053e-15
157.34879954027 -10.40411617330 3.787377e-01    3.483486e+07    2.460178e-16
159.41837649235 -11.16191983832 4.462350e-02    3.483486e+07    2.015458e-14
159.04916244792 -11.02689610372 1.002389e-01    3.483486e+07    3.907146e-15
158.44521880616 -10.80584130101 1.947899e-01    3.483486e+07    9.972025e-16
158.13230908673 -10.69122314935 2.456148e-01    3.483486e+07    6.150732e-16
159.59713471298 -11.22726134054 1.826878e-02    3.483486e+07    1.215221e-13
158.08508333215 -10.67392509790 2.533966e-01    3.483486e+07    5.761613e-16
158.70726392871 -10.90178315727 1.532045e-01    3.483486e+07    1.638244e-15
157.37716610407 -10.41450700676 3.737654e-01    3.483486e+07    2.530745e-16
159.65534683423 -11.24853031364 9.764982e-03    3.483486e+07    4.267881e-13
158.59709520426 -10.86144534407 1.705812e-01    3.483486e+07    1.312577e-15
159.63803347271 -11.24220285851 1.229034e-02    3.483486e+07    2.691456e-13
158.08080291279 -10.67236432428 2.541033e-01    3.483486e+07    5.728067e-16
159.21170289402 -11.08634972151 7.555606e-02    3.483486e+07    6.944272e-15
159.43968923522 -11.16971077432 4.146279e-02    3.483486e+07    2.337389e-14
159.71166837836 -11.26910822482 1.573988e-03    3.483486e+07    1.648092e-11
158.21396513247 -10.72114543871 2.322259e-01    3.483486e+07    6.915762e-16
159.71234461170 -11.26935561392 1.475826e-03    3.483486e+07    1.874696e-11
158.68618771083 -10.89405779231 1.565177e-01    3.483486e+07    1.567597e-15
157.87015270550 -10.59518178774 2.892013e-01    3.483486e+07    4.363491e-16
158.68145887537 -10.89233300582 1.572617e-01    3.483486e+07    1.552349e-15
159.39511645774 -11.15341916254 4.807972e-02    3.483486e+07    1.733721e-14
159.72155483311 -11.27272028195 1.397513e-04    3.483486e+07    2.091814e-09
159.21378599456 -11.08710816616 7.524197e-02    3.483486e+07    7.003240e-15
159.55596452412 -11.21221262779 2.430638e-02    3.483486e+07    6.848315e-14
158.14632504768 -10.69636577853 2.433093e-01    3.483486e+07    6.273376e-16
158.68832087281 -10.89484565290 1.561822e-01    3.483486e+07    1.574544e-15
159.37572199328 -11.14632530311 5.096708e-02    3.483486e+07    1.541077e-14
159.65969967999 -11.25012060797 9.130808e-03    3.483486e+07    4.882557e-13
158.46104051591 -10.81162825341 1.922554e-01    3.483486e+07    1.024671e-15
158.75048402325 -10.91759773073 1.464289e-01    3.483486e+07    1.798107e-15
159.68328636867 -11.25873846700 5.697395e-03    3.483486e+07    1.255775e-12
159.07669991701 -11.03696648183 9.603422e-02    3.483486e+07    4.263828e-15
158.43021704410 -10.80034885077 1.971973e-01    3.483486e+07    9.720995e-16
157.27291006184 -10.37629611341 3.920960e-01    3.483486e+07    2.284047e-16
159.15223285961 -11.06460407665 8.455040e-02    3.483486e+07    5.525721e-15
159.67108798491 -11.25428086864 7.472177e-03    3.483486e+07    7.295594e-13
157.60915577337 -10.49954454735 3.335399e-01    3.483486e+07    3.226115e-16
159.71890972968 -11.27175375546 5.234010e-04    3.483486e+07    1.491072e-10
159.57787297580 -11.22022185116 2.109093e-02    3.483486e+07    9.107347e-14
158.89870265346 -10.97184740218 1.233708e-01    3.483486e+07    2.555996e-15
159.51222267303 -11.19622786855 3.074206e-02    3.483486e+07    4.270127e-14
159.62830566672 -11.23864865405 1.371044e-02    3.483486e+07    2.161550e-13
158.26263544669 -10.73897184464 2.242891e-01    3.483486e+07    7.436473e-16
159.68600373693 -11.25973092228 5.301939e-03    3.483486e+07    1.450321e-12
157.77097010016 -10.55884259459 3.059397e-01    3.483486e+07    3.874492e-16
159.62370385827 -11.23696889937 1.438267e-02    3.483486e+07    1.963685e-13
158.06419748121 -10.66628060358 2.568502e-01    3.483486e+07    5.600329e-16
157.99596136930 -10.64128571076 2.681665e-01    3.483486e+07    5.115556e-16
159.71040458043 -11.26864578671 1.757348e-03    3.483486e+07    1.322016e-11
158.85292378162 -10.95508848937 1.304641e-01    3.483486e+07    2.279272e-15
158.41428450676 -10.79450222661 1.997590e-01    3.483486e+07    9.463904e-16
159.31826281629 -11.12532294740 5.954510e-02    3.483486e+07    1.125203e-14
158.37101587879 -10.77866085762 2.067277e-01    3.483486e+07    8.812902e-16
158.61955800853 -10.86967314586 1.670254e-01    3.483486e+07    1.370950e-15
158.52290414276 -10.83428052069 1.823705e-01    3.483486e+07    1.143122e-15
159.57551561633 -11.21935695986 2.143690e-02    3.483486e+07    8.814531e-14
158.81949901549 -10.94286091509 1.356593e-01    3.483486e+07    2.103761e-15
158.78103517485 -10.92877895397 1.416544e-01    3.483486e+07    1.924943e-15
159.51691049186 -11.19793945452 3.005098e-02    3.483486e+07    4.470018e-14
159.42114373160 -11.16293354653 4.421297e-02    3.483486e+07    2.053395e-14
159.49802452809 -11.19103838120 3.283600e-02    3.483486e+07    3.739753e-14
159.33315831675 -11.13076654509 5.731701e-02    3.483486e+07    1.215459e-14
158.69137798340 -10.89596461835 1.557021e-01    3.483486e+07    1.584566e-15
159.08456861172 -11.03984445600 9.483518e-02    3.483486e+07    4.374397e-15
158.75516732370 -10.91931134117 1.456974e-01    3.483486e+07    1.816726e-15
159.48887643994 -11.18769338310 3.418597e-02    3.483486e+07    3.448367e-14
158.64384293471 -10.87856638636 1.631899e-01    3.483486e+07    1.438293e-15
159.58764929034 -11.22379231342 1.965841e-02    3.483486e+07    1.048904e-13
159.17259358910 -11.07204695748 8.146692e-02    3.483486e+07    5.959188e-15
159.71927216472 -11.27188581035 4.707811e-04    3.483486e+07    1.843057e-10
158.55188107383 -10.84489293945 1.777592e-01    3.483486e+07    1.205351e-15
158.79062949528 -10.93228663747 1.401578e-01    3.483486e+07    1.967420e-15
158.46986575779 -10.81485636970 1.908418e-01    3.483486e+07    1.040475e-15
159.71368820877 -11.26984574535 1.280915e-03    3.483486e+07    2.488828e-11
157.49834489620 -10.45891855044 3.526570e-01    3.483486e+07    2.865238e-16
158.95481583886 -10.99237246363 1.147121e-01    3.483486e+07    2.966483e-15
159.53298676978 -11.20381512344 2.768392e-02    3.483486e+07    5.272084e-14
159.40549914285 -11.15721602860 4.653658e-02    3.483486e+07    1.851745e-14
159.07817524473 -11.03751443550 9.580910e-02    3.483486e+07    4.284269e-15
159.68425991911 -11.25909552253 5.555494e-03    3.483486e+07    1.320821e-12
159.57727371321 -11.22000105040 2.117904e-02    3.483486e+07    9.031412e-14
159.46602221487 -11.17933630410 3.756354e-02    3.483486e+07    2.852270e-14
158.50628755584 -10.82820370964 1.850215e-01    3.483486e+07    1.109461e-15
157.48613730005 -10.45444296886 3.547741e-01    3.483486e+07    2.828905e-16
158.70304563344 -10.90022682016 1.538678e-01    3.483486e+07    1.623731e-15
157.65017749084 -10.51456734507 3.265083e-01    3.483486e+07    3.375464e-16
159.59717139210 -11.22727127398 1.826376e-02    3.483486e+07    1.215891e-13
159.42347880474 -11.16378672752 4.386694e-02    3.483486e+07    2.086207e-14
159.67843376537 -11.25696720181 6.403047e-03    3.483486e+07    9.939579e-13
157.84631285695 -10.58644339633 2.932142e-01    3.483486e+07    4.238427e-16
159.72246697458 -11.27305325937 7.495498e-06    3.483486e+07    7.272048e-07
158.02854866206 -10.65321673579 2.627548e-01    3.483486e+07    5.339435e-16
159.37259037276 -11.14518384808 5.143293e-02    3.483486e+07    1.513007e-14
158.48737370619 -10.82127507145 1.880407e-01    3.483486e+07    1.072866e-15
159.13152116753 -11.05702683957 8.769264e-02    3.483486e+07    5.130443e-15
159.21535103428 -11.08768813522 7.500621e-02    3.483486e+07    7.047991e-15
157.38436071572 -10.41715593946 3.725063e-01    3.483486e+07    2.549079e-16
158.45692084338 -10.81012444344 1.929146e-01    3.483486e+07    1.017421e-15
158.13808641113 -10.69335284421 2.446638e-01    3.483486e+07    6.200895e-16
157.67689681338 -10.52435623472 3.219418e-01    3.483486e+07    3.477867e-16
157.49299461299 -10.45695902339 3.535839e-01    3.483486e+07    2.849250e-16
159.41211085727 -11.15963514885 4.555400e-02    3.483486e+07    1.933246e-14
158.92689106285 -10.98215780323 1.190165e-01    3.483486e+07    2.751135e-15
157.44345040125 -10.43880917283 3.621918e-01    3.483486e+07    2.706715e-16
157.41205824179 -10.42730373352 3.676666e-01    3.483486e+07    2.621349e-16
157.39295568339 -10.42030038543 3.710031e-01    3.483486e+07    2.571215e-16
159.70552982574 -11.26686497585 2.464979e-03    3.483486e+07    6.717412e-12
159.19687587251 -11.08092949500 7.779463e-02    3.483486e+07    6.544573e-15
159.53722819448 -11.20536792793 2.705990e-02    3.483486e+07    5.519423e-14
159.55005912527 -11.21005256176 2.517389e-02    3.483486e+07    6.382235e-14
157.41212819691 -10.42733042733 3.676532e-01    3.483486e+07    2.621553e-16
159.69621470882 -11.26346219810 3.817992e-03    3.483486e+07    2.798482e-12
159.34841426335 -11.13634250932 5.503848e-02    3.483486e+07    1.319374e-14
159.41893961335 -11.16212932320 4.454057e-02    3.483486e+07    2.023037e-14
159.72251202910 -11.27306972701 9.381148e-07    3.483486e+07    4.642446e-05
158.12867979653 -10.68989344389 2.462108e-01    3.483486e+07    6.119600e-16
159.44102129547 -11.17019989680 4.126533e-02    3.483486e+07    2.359998e-14
159.37030799043 -11.14434604833 5.177332e-02    3.483486e+07    1.492975e-14
158.45375108628 -10.80895403723 1.934232e-01    3.483486e+07    1.011878e-15
159.36412750395 -11.14209030130 5.269514e-02    3.483486e+07    1.440669e-14
159.53530760171 -11.20466221380 2.734267e-02    3.483486e+07    5.405239e-14
159.70194095483 -11.26555426276 2.986201e-03    3.483486e+07    4.576142e-12
159.59865876771 -11.22781657370 1.804544e-02    3.483486e+07    1.245599e-13
158.76885814732 -10.92431996616 1.435565e-01    3.483486e+07    1.872880e-15
159.54140335529 -11.20689344600 2.644639e-02    3.483486e+07    5.779891e-14
158.37560205678 -10.78034188825 2.059879e-01    3.483486e+07    8.878848e-16
159.27307143282 -11.10879087519 6.631966e-02    3.483486e+07    9.046286e-15
159.22692103206 -11.09192055897 7.326099e-02    3.483486e+07    7.392893e-15
159.69530601814 -11.26313118686 3.949907e-03    3.483486e+07    2.614542e-12
157.65928552329 -10.51791441327 3.249514e-01    3.483486e+07    3.409883e-16
159.63802258091 -11.24220133002 1.229160e-02    3.483486e+07    2.690902e-13
158.17659720237 -10.70745829428 2.383423e-01    3.483486e+07    6.550003e-16
159.68223859351 -11.25835596916 5.849479e-03    3.483486e+07    1.191252e-12
158.80349801574 -10.93700589619 1.381508e-01    3.483486e+07    2.026590e-15
159.32000468656 -11.12595990062 5.928423e-02    3.483486e+07    1.135245e-14
158.09995688875 -10.67938199100 2.509418e-01    3.483486e+07    5.880396e-16
159.43143995603 -11.16669622806 4.268492e-02    3.483486e+07    2.204386e-14
159.33090580312 -11.12994424463 5.765458e-02    3.483486e+07    1.201106e-14
159.52321720174 -11.20024414557 2.912230e-02    3.483486e+07    4.761419e-14
159.33910717878 -11.13293868327 5.642898e-02    3.483486e+07    1.254458e-14
159.49304347190 -11.18921617641 3.357084e-02    3.483486e+07    3.576772e-14
158.64098078551 -10.87751159004 1.636407e-01    3.483486e+07    1.430129e-15
159.71111747946 -11.26890663963 1.653864e-03    3.483486e+07    1.492694e-11
159.70640218506 -11.26718470431 2.338311e-03    3.483486e+07    7.465282e-12
159.70676562912 -11.26731713361 2.285623e-03    3.483486e+07    7.813588e-12
159.65321096437 -11.24774907613 1.007656e-02    3.483486e+07    4.007528e-13
159.48708605716 -11.18704006505 3.445065e-02    3.483486e+07    3.395224e-14
159.70863034658 -11.26799765244 2.014806e-03    3.483486e+07    1.005636e-11
158.31246214461 -10.75721554963 2.161973e-01    3.483486e+07    8.028473e-16
159.17152790494 -11.07165734259 8.162723e-02    3.483486e+07    5.935426e-15
158.86342851285 -10.95893657394 1.288332e-01    3.483486e+07    2.338836e-15
158.85619088058 -10.95628183043 1.299561e-01    3.483486e+07    2.297581e-15
159.08206817864 -11.03893071071 9.521567e-02    3.483486e+07    4.338855e-15
159.49392990644 -11.18954237798 3.343951e-02    3.483486e+07    3.605113e-14
158.66167596170 -10.88509530971 1.603767e-01    3.483486e+07    1.490824e-15
158.77493204743 -10.92655011156 1.426064e-01    3.483486e+07    1.898622e-15
157.57610376769 -10.48742222364 3.392261e-01    3.483486e+07    3.112222e-16
157.66426285367 -10.51973031429 3.241006e-01    3.483486e+07    3.428906e-16
159.71956203155 -11.27199204423 4.287449e-04    3.483486e+07    2.222216e-10
158.07055811189 -10.66861110504 2.557963e-01    3.483486e+07    5.648844e-16
159.18006866000 -11.07477976113 8.033527e-02    3.483486e+07    6.131002e-15
159.68402083133 -11.25900618879 5.590416e-03    3.483486e+07    1.304352e-12
158.51111362564 -10.82997140559 1.842506e-01    3.483486e+07    1.119098e-15
159.68789088300 -11.26042195189 5.027565e-03    3.483486e+07    1.613118e-12
157.94061153026 -10.62100358603 2.773937e-01    3.483486e+07    4.764154e-16
157.87461729862 -10.59681329447 2.884535e-01    3.483486e+07    4.387386e-16
158.09689821494 -10.67826418987 2.514467e-01    3.483486e+07    5.855676e-16
158.48385420012 -10.81998816867 1.886039e-01    3.483486e+07    1.066235e-15
159.34374317925 -11.13463877190 5.573604e-02    3.483486e+07    1.286198e-14
158.99638467324 -11.00758465258 1.083220e-01    3.483486e+07    3.335165e-15
158.63999255435 -10.87714877775 1.637968e-01    3.483486e+07    1.427319e-15
159.72251317205 -11.27307012426 8.064949e-07    3.483486e+07    6.281388e-05
159.20387003422 -11.08348794963 7.673832e-02    3.483486e+07    6.728796e-15
159.46180148874 -11.17779583956 3.818785e-02    3.483486e+07    2.759085e-14
157.38924729633 -10.41893818598 3.716499e-01    3.483486e+07    2.561657e-16
157.68998973096 -10.52915383840 3.197076e-01    3.483486e+07    3.529611e-16
159.68531717396 -11.25948202897 5.401836e-03    3.483486e+07    1.397119e-12
159.01508216095 -11.01442378476 1.054535e-01    3.483486e+07    3.523049e-15
158.22658190832 -10.72576620761 2.301668e-01    3.483486e+07    7.045616e-16
158.38536990585 -10.78392634242 2.044120e-01    3.483486e+07    9.021758e-16
159.71161061885 -11.26908739599 1.582361e-03    3.483486e+07    1.630690e-11
158.33886587735 -10.76689063835 2.119201e-01    3.483486e+07    8.369579e-16
157.88703172599 -10.60135865173 2.863683e-01    3.483486e+07    4.455034e-16
159.44967328733 -11.17336214119 3.998272e-02    3.483486e+07    2.515126e-14
159.58013603328 -11.22104627030 2.075902e-02    3.483486e+07    9.402149e-14
158.25058946919 -10.73455494946 2.262522e-01    3.483486e+07    7.302485e-16
159.69994066584 -11.26482247455 3.276670e-03    3.483486e+07    3.800331e-12
159.49245129972 -11.18900029498 3.365807e-02    3.483486e+07    3.558135e-14
159.69543910930 -11.26317982029 3.930577e-03    3.483486e+07    2.640342e-12
159.42830988892 -11.16555450932 4.314927e-02    3.483486e+07    2.156796e-14
158.89674302575 -10.97113244042 1.236731e-01    3.483486e+07    2.543212e-15
159.35568985900 -11.13900016401 5.395361e-02    3.483486e+07    1.373558e-14
159.72042053278 -11.27230544867 3.042524e-04    3.483486e+07    4.413040e-10
157.46743761009 -10.44760361457 3.580195e-01    3.483486e+07    2.774486e-16
158.69110488435 -10.89586221495 1.557433e-01    3.483486e+07    1.583702e-15
159.71541279548 -11.27047616672 1.030666e-03    3.483486e+07    3.844530e-11
158.10037401854 -10.67953797934 2.508732e-01    3.483486e+07    5.883765e-16
158.39885935829 -10.78886401544 2.022402e-01    3.483486e+07    9.224276e-16
159.71663494174 -11.27092244151 8.533027e-04    3.483486e+07    5.609236e-11
159.41050858417 -11.15904268320 4.579208e-02    3.483486e+07    1.913014e-14
157.85112837808 -10.58821802163 2.924023e-01    3.483486e+07    4.263307e-16
159.60454872519 -11.22996983781 1.718381e-02    3.483486e+07    1.374119e-13
157.78248273176 -10.56304755599 3.039901e-01    3.483486e+07    3.927235e-16
158.93510828017 -10.98516754664 1.177482e-01    3.483486e+07    2.812123e-15
159.31744651397 -11.12501633118 5.966764e-02    3.483486e+07    1.120531e-14
159.55941853715 -11.21347660394 2.379933e-02    3.483486e+07    7.144682e-14
158.36444585394 -10.77626447428 2.077866e-01    3.483486e+07    8.719751e-16
158.44882104661 -10.80715724654 1.942142e-01    3.483486e+07    1.003346e-15
159.57996607598 -11.22098522043 2.078419e-02    3.483486e+07    9.379298e-14
158.96014076044 -10.99432233872 1.138921e-01    3.483486e+07    3.010323e-15
159.61433794332 -11.23354602547 1.575173e-02    3.483486e+07    1.636273e-13
158.59501397926 -10.86069043255 1.709110e-01    3.483486e+07    1.307348e-15
159.68871861052 -11.26072425194 4.907237e-03    3.483486e+07    1.693278e-12
159.15556377380 -11.06581580742 8.404544e-02    3.483486e+07    5.593434e-15
159.04911394489 -11.02688178429 1.002462e-01    3.483486e+07    3.906569e-15
159.72192288572 -11.27285446501 8.636555e-05    3.483486e+07    5.477253e-09
159.72201995551 -11.27288997981 7.232470e-05    3.483486e+07    7.810396e-09
159.46709750435 -11.17973312867 3.740397e-02    3.483486e+07    2.876842e-14
158.87303302565 -10.96244867554 1.273446e-01    3.483486e+07    2.395229e-15
159.02872818355 -11.01942166020 1.033632e-01    3.483486e+07    3.670003e-15
159.21391724476 -11.08716083079 7.522253e-02    3.483486e+07    7.006916e-15
158.85434083624 -10.95560888206 1.302430e-01    3.483486e+07    2.287214e-15
158.91333057159 -10.97719603101 1.211087e-01    3.483486e+07    2.654723e-15
158.07956215203 -10.67189957290 2.543103e-01    3.483486e+07    5.718294e-16
159.30277426702 -11.11965293524 6.186373e-02    3.483486e+07    1.041479e-14
158.12557534369 -10.68875868512 2.467219e-01    3.483486e+07    6.093080e-16
158.32977508179 -10.76355935995 2.133927e-01    3.483486e+07    8.249792e-16
158.01212298279 -10.64719448908 2.654819e-01    3.483486e+07    5.224871e-16
157.90968543227 -10.60967297183 2.825699e-01    3.483486e+07    4.582202e-16
158.63352284152 -10.87478555017 1.648201e-01    3.483486e+07    1.409088e-15
158.29538552117 -10.75096096987 2.189656e-01    3.483486e+07    7.818432e-16
157.52608673675 -10.46908748003 3.478557e-01    3.483486e+07    2.950174e-16
158.36091536621 -10.77497113520 2.083568e-01    3.483486e+07    8.670185e-16
158.81510536877 -10.94124522479 1.363435e-01    3.483486e+07    2.082143e-15
159.60996013038 -11.23194668282 1.639207e-02    3.483486e+07    1.510543e-13
158.25424927391 -10.73589097255 2.256545e-01    3.483486e+07    7.342904e-16
157.83337117206 -10.58169619287 2.953937e-01    3.483486e+07    4.172674e-16
158.36682547234 -10.77713077705 2.074038e-01    3.483486e+07    8.753256e-16
158.52154857213 -10.83379307344 1.825872e-01    3.483486e+07    1.140315e-15
158.53783036110 -10.83974374719 1.799931e-01    3.483486e+07    1.174600e-15
159.70344346211 -11.26610252874 2.767962e-03    3.483486e+07    5.326664e-12
159.50481977613 -11.19352058665 3.183318e-02    3.483486e+07    3.980681e-14
159.47693086123 -11.18332689379 3.595010e-02    3.483486e+07    3.116040e-14
159.63452111212 -11.24092206869 1.280273e-02    3.483486e+07    2.479823e-13
158.87723783342 -10.96398357627 1.266930e-01    3.483486e+07    2.420550e-15
158.34998660999 -10.77096777922 2.101220e-01    3.483486e+07    8.519336e-16
159.02883045179 -11.01945963624 1.033480e-01    3.483486e+07    3.671098e-15
159.53062642253 -11.20295552823 2.803138e-02    3.483486e+07    5.141482e-14
157.64218070726 -10.51164365541 3.278778e-01    3.483486e+07    3.345605e-16
159.66602471947 -11.25243237724 8.209512e-03    3.483486e+07    6.042153e-13
159.52632071570 -11.20137821077 2.866525e-02    3.483486e+07    4.915365e-14
157.58134183863 -10.48934933581 3.383217e-01    3.483486e+07    3.129944e-16
159.71726444367 -11.27115253581 7.619738e-04    3.483486e+07    7.034705e-11
159.67731942233 -11.25655813760 6.565131e-03    3.483486e+07    9.454233e-13
158.18529256447 -10.71064424366 2.369177e-01    3.483486e+07    6.632633e-16
159.71341609710 -11.26974655415 1.320240e-03    3.483486e+07    2.342734e-11
158.01289993236 -10.64749166158 2.653511e-01    3.483486e+07    5.230284e-16
158.44284759865 -10.80496187704 1.951711e-01    3.483486e+07    9.931644e-16
159.72005107683 -11.27217087077 3.577766e-04    3.483486e+07    3.191338e-10
159.70344738788 -11.26610531289 2.767219e-03    3.483486e+07    5.329527e-12
158.48684404122 -10.82107785497 1.881270e-01    3.483486e+07    1.071846e-15
159.71884142274 -11.27172854035 5.332249e-04    3.483486e+07    1.436630e-10
159.50272014516 -11.19275451972 3.214286e-02    3.483486e+07    3.903863e-14
158.39025913722 -10.78571461413 2.036248e-01    3.483486e+07    9.094399e-16
159.09516995696 -11.04372804005 9.322034e-02    3.483486e+07    4.530146e-15
159.14115077043 -11.06054480246 8.623075e-02    3.483486e+07    5.308936e-15
158.17716506113 -10.70766255627 2.382493e-01    3.483486e+07    6.555356e-16
157.48648582542 -10.45457683211 3.547154e-01    3.483486e+07    2.829905e-16
158.09427488245 -10.67729676533 2.518810e-01    3.483486e+07    5.834533e-16
159.21482216859 -11.08748942088 7.508631e-02    3.483486e+07    7.032740e-15
157.29384268464 -10.38397389337 3.884039e-01    3.483486e+07    2.330866e-16
159.70304232036 -11.26595729215 2.826149e-03    3.483486e+07    5.109466e-12
158.68761229985 -10.89458618016 1.562934e-01    3.483486e+07    1.572238e-15
159.71375494357 -11.26987053613 1.271100e-03    3.483486e+07    2.527421e-11
157.40161785287 -10.42348150976 3.694886e-01    3.483486e+07    2.593799e-16
157.39945672734 -10.42267699105 3.698653e-01    3.483486e+07    2.588155e-16
157.85017889284 -10.58785723384 2.925632e-01    3.483486e+07    4.258360e-16
159.61513174994 -11.23383502710 1.563545e-02    3.483486e+07    1.660778e-13
159.24546270434 -11.09869282422 7.046944e-02    3.483486e+07    7.999056e-15
159.27241970731 -11.10855546900 6.641630e-02    3.483486e+07    9.019634e-15
158.02122426720 -10.65053521730 2.639690e-01    3.483486e+07    5.287980e-16
158.81454204570 -10.94104067851 1.364309e-01    3.483486e+07    2.079406e-15
159.20506674976 -11.08392841820 7.655753e-02    3.483486e+07    6.761100e-15
158.58803078603 -10.85812423555 1.720191e-01    3.483486e+07    1.290004e-15
158.92986987877 -10.98324704412 1.185561e-01    3.483486e+07    2.773043e-15
158.40528731875 -10.79122008740 2.012044e-01    3.483486e+07    9.323223e-16
159.72243012976 -11.27303973887 1.281320e-05    3.483486e+07    2.488521e-07
158.62134449315 -10.87031867299 1.667445e-01    3.483486e+07    1.375722e-15
159.51204237710 -11.19616087639 3.076825e-02    3.483486e+07    4.262815e-14
157.64724821189 -10.51350609890 3.270089e-01    3.483486e+07    3.364504e-16
158.93539181779 -10.98526975627 1.177038e-01    3.483486e+07    2.814292e-15
158.21354076212 -10.72098951982 2.322949e-01    3.483486e+07    6.911475e-16
159.66617407066 -11.25248684753 8.187419e-03    3.483486e+07    6.074858e-13
158.00059954556 -10.64298039769 2.673953e-01    3.483486e+07    5.146616e-16
157.53578869125 -10.47265513392 3.461766e-01    3.483486e+07    2.980732e-16
158.29867974518 -10.75216767615 2.184310e-01    3.483486e+07    7.858364e-16
159.63079542708 -11.23955957201 1.334699e-02    3.483486e+07    2.281204e-13
158.21341703798 -10.72093515526 2.323159e-01    3.483486e+07    6.910162e-16
159.64247721120 -11.24382893584 1.164194e-02    3.483486e+07    3.000390e-13
159.47349423363 -11.18206959339 3.645820e-02    3.483486e+07    3.029177e-14
159.72122647833 -11.27260004474 1.874098e-04    3.483486e+07    1.163166e-09
159.70574729058 -11.26694418975 2.433405e-03    3.483486e+07    6.892953e-12
159.63291856305 -11.24033637577 1.303695e-02    3.483486e+07    2.391292e-13
158.20873884469 -10.71921895776 2.330815e-01    3.483486e+07    6.862832e-16
159.17365907080 -11.07244101082 8.130453e-02    3.483486e+07    5.983399e-15
159.57438230842 -11.21894506665 2.160266e-02    3.483486e+07    8.679205e-14
158.64632179658 -10.87947194876 1.627979e-01    3.483486e+07    1.445448e-15
159.05131134843 -11.02768388995 9.990943e-02    3.483486e+07    3.933469e-15
159.53454880487 -11.20438590534 2.745428e-02    3.483486e+07    5.361143e-14
159.01623806007 -11.01485542237 1.052764e-01    3.483486e+07    3.535160e-15
158.06297187795 -10.66582404564 2.570511e-01    3.483486e+07    5.591153e-16
159.19206762964 -11.07916913405 7.852102e-02    3.483486e+07    6.422199e-15
158.44685750993 -10.80644350708 1.945278e-01    3.483486e+07    9.999923e-16
159.66398877228 -11.25168807511 8.506077e-03    3.483486e+07    5.627506e-13
158.07835006742 -10.67145696291 2.545091e-01    3.483486e+07    5.708928e-16
159.27476176953 -11.10941287521 6.606575e-02    3.483486e+07    9.116874e-15
158.99879274556 -11.00846623302 1.079520e-01    3.483486e+07    3.358555e-15
159.37060859745 -11.14445922429 5.172817e-02    3.483486e+07    1.495610e-14
158.86782875870 -10.96054134182 1.281510e-01    3.483486e+07    2.364434e-15
157.47146712404 -10.44906763566 3.573213e-01    3.483486e+07    2.786064e-16
159.12568741462 -11.05488830479 8.857919e-02    3.483486e+07    5.026500e-15
159.61227546540 -11.23279300090 1.605354e-02    3.483486e+07    1.575135e-13
159.59206673022 -11.22540825013 1.901117e-02    3.483486e+07    1.121831e-13
158.76994967514 -10.92472899529 1.433857e-01    3.483486e+07    1.877469e-15
157.33515494850 -10.39911719822 3.811336e-01    3.483486e+07    2.427183e-16
157.62725134288 -10.50616538908 3.304358e-01    3.483486e+07    3.290842e-16
159.13339193688 -11.05771242652 8.740808e-02    3.483486e+07    5.164482e-15
159.36654245537 -11.14297123747 5.233427e-02    3.483486e+07    1.460816e-14
158.71735121064 -10.90547488487 1.516213e-01    3.483486e+07    1.673666e-15
158.19678464356 -10.71484614195 2.350370e-01    3.483486e+07    6.744054e-16
159.67079043172 -11.25417447124 7.515465e-03    3.483486e+07    7.211668e-13
158.40412044239 -10.79078248578 2.013933e-01    3.483486e+07    9.305068e-16
157.96678737656 -10.63058735928 2.730249e-01    3.483486e+07    4.926009e-16
158.25468762637 -10.73605937246 2.255845e-01    3.483486e+07    7.347658e-16
159.72219397081 -11.27295339312 4.708707e-05    3.483486e+07    1.842670e-08
158.71561449869 -10.90483785169 1.518932e-01    3.483486e+07    1.667504e-15
158.23603507511 -10.72922560404 2.286224e-01    3.483486e+07    7.145356e-16
159.70163493303 -11.26544178410 3.030552e-03    3.483486e+07    4.443103e-12
158.91048509290 -10.97615536785 1.215482e-01    3.483486e+07    2.635104e-15
158.39787365971 -10.78850004394 2.023975e-01    3.483486e+07    9.209396e-16
159.30740933153 -11.12134928633 6.117040e-02    3.483486e+07    1.065516e-14
159.10783732896 -11.04835702387 9.129216e-02    3.483486e+07    4.727125e-15
159.54419535442 -11.20791431589 2.603535e-02    3.483486e+07    5.964816e-14
158.76320453682 -10.92225765850 1.444405e-01    3.483486e+07    1.849387e-15
158.96033121958 -10.99438921740 1.138626e-01    3.483486e+07    3.011914e-15
159.42045089145 -11.16268106682 4.431545e-02    3.483486e+07    2.043826e-14
158.07407174831 -10.66988962886 2.552158e-01    3.483486e+07    5.675825e-16
158.72591698611 -10.90860784045 1.502775e-01    3.483486e+07    1.704626e-15
157.79359802295 -10.56713204884 3.021072e-01    3.483486e+07    3.979170e-16
159.20790416058 -11.08496484133 7.612973e-02    3.483486e+07    6.838458e-15
159.44363472792 -11.17115582731 4.087761e-02    3.483486e+07    2.405351e-14
158.88068127829 -10.96524599513 1.261591e-01    3.483486e+07    2.441593e-15
159.04543221132 -11.02553228340 1.008088e-01    3.483486e+07    3.862228e-15
158.89598262534 -10.97085213303 1.237914e-01    3.483486e+07    2.538238e-15
159.72216097964 -11.27294146580 5.186564e-05    3.483486e+07    1.518765e-08
159.62561251638 -11.23766468991 1.410423e-02    3.483486e+07    2.042211e-13
157.75150367114 -10.55170404992 3.092410e-01    3.483486e+07    3.787486e-16
159.58364350684 -11.22232917246 2.024479e-02    3.483486e+07    9.887895e-14
158.06014433052 -10.66479151533 2.575205e-01    3.483486e+07    5.569788e-16
159.72150038235 -11.27270034230 1.476464e-04    3.483486e+07    1.874078e-09
158.04834773383 -10.66047533803 2.594731e-01    3.483486e+07    5.482199e-16
159.31932383819 -11.12570304379 5.938678e-02    3.483486e+07    1.131281e-14
157.58631893847 -10.49116148700 3.374677e-01    3.483486e+07    3.146814e-16
158.70929720614 -10.90251897929 1.528868e-01    3.483486e+07    1.645262e-15
159.40911530609 -11.15853730020 4.599898e-02    3.483486e+07    1.895687e-14
159.67753643498 -11.25663823135 6.533769e-03    3.483486e+07    9.545332e-13
158.97103274077 -10.99830906048 1.122156e-01    3.483486e+07    3.102982e-15
159.34734880614 -11.13595213186 5.519770e-02    3.483486e+07    1.311690e-14
159.59291022935 -11.22571355205 1.888746e-02    3.483486e+07    1.136631e-13
158.33978061176 -10.76722589193 2.117720e-01    3.483486e+07    8.381768e-16
159.71613771314 -11.27074137738 9.254455e-04    3.483486e+07    4.768652e-11
159.54396498970 -11.20782765037 2.606959e-02    3.483486e+07    5.949074e-14
158.85874155430 -10.95722047585 1.295607e-01    3.483486e+07    2.311987e-15
159.26054566525 -11.10421221072 6.820111e-02    3.483486e+07    8.547677e-15
157.49491181175 -10.45766983210 3.532510e-01    3.483486e+07    2.854977e-16
159.28185510304 -11.11200889825 6.500014e-02    3.483486e+07    9.422231e-15
157.81810910186 -10.57611995750 2.979664e-01    3.483486e+07    4.096941e-16
159.53339681662 -11.20396614551 2.762356e-02    3.483486e+07    5.295276e-14
159.42774853025 -11.16534607044 4.323265e-02    3.483486e+07    2.148415e-14
157.46521550236 -10.44678922083 3.584055e-01    3.483486e+07    2.768113e-16
157.34363702013 -10.40221196418 3.796447e-01    3.483486e+07    2.447612e-16
157.81717076269 -10.57576243618 2.981251e-01    3.483486e+07    4.092334e-16
159.48561839815 -11.18650140547 3.466667e-02    3.483486e+07    3.352754e-14
158.85896570308 -10.95729880502 1.295253e-01    3.483486e+07    2.313281e-15
158.03452751190 -10.65541456075 2.617633e-01    3.483486e+07    5.381991e-16
159.45046610974 -11.17365443725 3.986517e-02    3.483486e+07    2.530099e-14
158.80212322484 -10.93649746132 1.383644e-01    3.483486e+07    2.020169e-15
157.91066709988 -10.61002427776 2.824045e-01    3.483486e+07    4.587860e-16
157.37642453299 -10.41424146727 3.738952e-01    3.483486e+07    2.528869e-16
157.27856729981 -10.37835886662 3.910996e-01    3.483486e+07    2.296547e-16
158.03382766118 -10.65514712824 2.618787e-01    3.483486e+07    5.377014e-16
157.88374978234 -10.60017146204 2.869186e-01    3.483486e+07    4.437033e-16
159.45206569135 -11.17423991475 3.962898e-02    3.483486e+07    2.560589e-14
158.39043034866 -10.78577211195 2.035978e-01    3.483486e+07    9.096914e-16
159.13574330096 -11.05856669094 8.705110e-02    3.483486e+07    5.207660e-15
159.21997482698 -11.08938024159 7.430828e-02    3.483486e+07    7.182994e-15
159.43366116394 -11.16750788276 4.235638e-02    3.483486e+07    2.239008e-14
157.43959876032 -10.43739680496 3.628621e-01    3.483486e+07    2.696049e-16
159.39750886782 -11.15429684839 4.772407e-02    3.483486e+07    1.759907e-14
159.68789821033 -11.26042502690 5.026534e-03    3.483486e+07    1.613780e-12
158.74914613079 -10.91710267305 1.466391e-01    3.483486e+07    1.792807e-15
159.67605250222 -11.25609690594 6.749660e-03    3.483486e+07    8.943697e-13
159.24935672982 -11.10012571216 6.988294e-02    3.483486e+07    8.135776e-15
159.13610615661 -11.05869738616 8.699687e-02    3.483486e+07    5.214266e-15
159.65204142024 -11.24732387031 1.024682e-02    3.483486e+07    3.875192e-13
157.85754752736 -10.59056641585 2.913205e-01    3.483486e+07    4.296789e-16
159.72083542230 -11.27245748444 2.440322e-04    3.483486e+07    6.859967e-10
158.53011261995 -10.83692640114 1.812227e-01    3.483486e+07    1.158163e-15
158.60653193950 -10.86489885711 1.690870e-01    3.483486e+07    1.336652e-15
158.97136211710 -10.99843394924 1.121644e-01    3.483486e+07    3.105879e-15
157.53090733968 -10.47086549617 3.470225e-01    3.483486e+07    2.965280e-16
159.63635756435 -11.24159173342 1.253485e-02    3.483486e+07    2.587225e-13
159.19943571599 -11.08186427050 7.740741e-02    3.483486e+07    6.611225e-15
159.53180108922 -11.20338307006 2.785870e-02    3.483486e+07    5.205775e-14
159.15143613806 -11.06430573532 8.467064e-02    3.483486e+07    5.509777e-15
159.16602284933 -11.06963991982 8.246073e-02    3.483486e+07    5.814129e-15
158.83047305650 -10.94687329710 1.339519e-01    3.483486e+07    2.159173e-15
158.80938615811 -10.93915938014 1.372325e-01    3.483486e+07    2.054538e-15
157.28493920386 -10.38070656409 3.899753e-01    3.483486e+07    2.310773e-16
157.56419418510 -10.48306183061 3.412764e-01    3.483486e+07    3.072577e-16
159.30982668548 -11.12223599821 6.080720e-02    3.483486e+07    1.078438e-14
159.69693238632 -11.26372414373 3.713700e-03    3.483486e+07    2.957991e-12
159.67061093073 -11.25410747714 7.541527e-03    3.483486e+07    7.161833e-13
158.75298600109 -10.91851988089 1.460375e-01    3.483486e+07    1.808034e-15
159.55910361233 -11.21335897603 2.384542e-02    3.483486e+07    7.116957e-14
159.72238452049 -11.27302315359 1.944966e-05    3.483486e+07    1.080019e-07
159.36262374811 -11.14153739940 5.291956e-02    3.483486e+07    1.428349e-14
159.46756443961 -11.17990271151 3.733522e-02    3.483486e+07    2.887525e-14
158.77915642071 -10.92809014147 1.419483e-01    3.483486e+07    1.916760e-15
158.24869964560 -10.73386084001 2.265594e-01    3.483486e+07    7.281830e-16
159.04478415497 -11.02529304564 1.009080e-01    3.483486e+07    3.854488e-15
157.95340724202 -10.62569326290 2.752569e-01    3.483486e+07    4.842338e-16
159.50332694375 -11.19297331755 3.205329e-02    3.483486e+07    3.925851e-14
159.39177646057 -11.15219678581 4.857734e-02    3.483486e+07    1.698047e-14
158.07474962464 -10.67015021806 2.551034e-01    3.483486e+07    5.681072e-16
159.69265194493 -11.26216166148 4.335531e-03    3.483486e+07    2.169790e-12
158.55773219083 -10.84703534136 1.768273e-01    3.483486e+07    1.218530e-15
159.65446322471 -11.24820916660 9.893786e-03    3.483486e+07    4.157265e-13
158.68078115119 -10.89208691985 1.573675e-01    3.483486e+07    1.550199e-15
159.71580097340 -11.27061799483 9.743683e-04    3.483486e+07    4.301724e-11
157.40207214454 -10.42364711475 3.694093e-01    3.483486e+07    2.594989e-16
159.15330182053 -11.06499511607 8.438776e-02    3.483486e+07    5.547397e-15
158.15784704752 -10.70058222737 2.414176e-01    3.483486e+07    6.376685e-16
159.12391888658 -11.05424256776 8.884760e-02    3.483486e+07    4.995646e-15
158.59196748752 -10.85956642435 1.713947e-01    3.483486e+07    1.299735e-15
159.56038339367 -11.21382739856 2.365733e-02    3.483486e+07    7.231124e-14
159.42853831757 -11.16563873818 4.311574e-02    3.483486e+07    2.160181e-14
159.36798735773 -11.14349599992 5.211963e-02    3.483486e+07    1.472998e-14
157.27654102054 -10.37763278352 3.914574e-01    3.483486e+07    2.292048e-16
157.58451722851 -10.49051074777 3.377757e-01    3.483486e+07    3.140716e-16
159.30217247967 -11.11943234064 6.195421e-02    3.483486e+07    1.038402e-14
159.56293894058 -11.21476108605 2.328201e-02    3.483486e+07    7.467264e-14
158.72835061285 -10.90950198695 1.498962e-01    3.483486e+07    1.713563e-15
158.92335696164 -10.98086320440 1.195615e-01    3.483486e+07    2.725529e-15
159.09501314760 -11.04366733199 9.324329e-02    3.483486e+07    4.527876e-15
159.57721113257 -11.21997887501 2.118776e-02    3.483486e+07    9.023944e-14
157.39043193964 -10.41937034671 3.714441e-01    3.483486e+07    2.564691e-16
159.61776878998 -11.23479794749 1.525006e-02    3.483486e+07    1.746049e-13
157.64508361897 -10.51270718654 3.273818e-01    3.483486e+07    3.356375e-16
157.41613596117 -10.42880185221 3.669538e-01    3.483486e+07    2.632241e-16
159.62486978507 -11.23739361665 1.421219e-02    3.483486e+07    2.011215e-13
159.72132849039 -11.27263740574 1.725522e-04    3.483486e+07    1.372107e-09
159.71139254006 -11.26900705494 1.614015e-03    3.483486e+07    1.567335e-11
158.80053053852 -10.93591344372 1.386125e-01    3.483486e+07    2.012749e-15
158.38006285850 -10.78197877407 2.052683e-01    3.483486e+07    8.943691e-16
159.46859273015 -11.18027793140 3.718317e-02    3.483486e+07    2.911365e-14
159.57252187937 -11.21826581596 2.187553e-02    3.483486e+07    8.463104e-14
159.66106771730 -11.25061989228 8.931623e-03    3.483486e+07    5.103166e-13
157.99017667018 -10.63916624479 2.691290e-01    3.483486e+07    5.077174e-16
157.70159766808 -10.53340663785 3.177277e-01    3.483486e+07    3.576401e-16
158.65929801119 -10.88421708576 1.607529e-01    3.483486e+07    1.483638e-15
159.71947028675 -11.27195850069 4.420815e-04    3.483486e+07    2.090149e-10
159.48044975755 -11.18461588827 3.543052e-02    3.483486e+07    3.208768e-14
159.61929894894 -11.23535899339 1.502657e-02    3.483486e+07    1.798535e-13
159.55867490535 -11.21320291155 2.390795e-02    3.483486e+07    7.079603e-14
158.74019252532 -10.91383600712 1.480403e-01    3.483486e+07    1.758070e-15
159.53875326345 -11.20592293395 2.683622e-02    3.483486e+07    5.612314e-14
158.84829129341 -10.95339885589 1.311824e-01    3.483486e+07    2.253744e-15
159.41168982582 -11.15947640748 4.561693e-02    3.483486e+07    1.927867e-14
158.95962061972 -10.99413098445 1.139723e-01    3.483486e+07    3.005991e-15
157.77345912636 -10.55975684426 3.055178e-01    3.483486e+07    3.885817e-16
159.58134305568 -11.22148952165 2.058236e-02    3.483486e+07    9.564917e-14
158.52183274387 -10.83389799646 1.825413e-01    3.483486e+07    1.140908e-15
159.31808068596 -11.12525560098 5.957227e-02    3.483486e+07    1.124164e-14
158.96672902995 -10.99673040214 1.128784e-01    3.483486e+07    3.065853e-15
159.72101760033 -11.27252369217 2.176414e-04    3.483486e+07    8.624581e-10
157.27799013510 -10.37814967721 3.912018e-01    3.483486e+07    2.295261e-16
157.49521557801 -10.45777376478 3.532014e-01    3.483486e+07    2.855832e-16
159.54284382673 -11.20741702187 2.623446e-02    3.483486e+07    5.874152e-14
158.60210123226 -10.86328223014 1.697888e-01    3.483486e+07    1.325264e-15
159.55000043761 -11.21003596344 2.518225e-02    3.483486e+07    6.377978e-14
158.13565042097 -10.69244636219 2.450644e-01    3.483486e+07    6.179696e-16
159.60729903944 -11.23097180321 1.678119e-02    3.483486e+07    1.441078e-13
159.43090428236 -11.16650488910 4.276446e-02    3.483486e+07    2.196124e-14
158.89729581806 -10.97133430059 1.235879e-01    3.483486e+07    2.546808e-15
157.44515157151 -10.43943401313 3.618954e-01    3.483486e+07    2.711449e-16
158.42348874573 -10.79787774191 1.982799e-01    3.483486e+07    9.611110e-16
158.18728326156 -10.71136743499 2.365902e-01    3.483486e+07    6.651839e-16
158.00042207086 -10.64290825523 2.674262e-01    3.483486e+07    5.145369e-16
159.56509770680 -11.21554972007 2.296516e-02    3.483486e+07    7.675707e-14
157.30208450062 -10.38698432351 3.869522e-01    3.483486e+07    2.349654e-16
159.72043765677 -11.27231158529 3.017374e-04    3.483486e+07    4.486917e-10
159.61903273031 -11.23526105645 1.506570e-02    3.483486e+07    1.789177e-13
157.78962164242 -10.56567243933 3.027799e-01    3.483486e+07    3.960501e-16
157.41509797334 -10.42840386654 3.671364e-01    3.483486e+07    2.629445e-16
158.98880354862 -11.00480996464 1.094847e-01    3.483486e+07    3.263212e-15
157.49130280284 -10.45633809316 3.538798e-01    3.483486e+07    2.844172e-16
158.77185442896 -10.92542010544 1.430872e-01    3.483486e+07    1.885531e-15
159.67450130470 -11.25552822479 6.975520e-03    3.483486e+07    8.373140e-13
157.35122510326 -10.40499367107 3.783114e-01    3.483486e+07    2.466117e-16
158.59291130817 -10.85991162900 1.712451e-01    3.483486e+07    1.302083e-15
159.48611208388 -11.18668029385 3.459394e-02    3.483486e+07    3.366963e-14
158.11920689437 -10.68643741133 2.477703e-01    3.483486e+07    6.039209e-16
158.50163125444 -10.82650066101 1.857639e-01    3.483486e+07    1.100294e-15
158.99396558039 -11.00669744172 1.086933e-01    3.483486e+07    3.311934e-15
159.71326107343 -11.26969058723 1.342781e-03    3.483486e+07    2.264719e-11
158.54560700348 -10.84259053636 1.787560e-01    3.483486e+07    1.191486e-15
158.29336243078 -10.75021970318 2.192937e-01    3.483486e+07    7.794072e-16
159.23483317835 -11.09481380234 7.206920e-02    3.483486e+07    7.643033e-15
158.66484010354 -10.88625421846 1.598782e-01    3.483486e+07    1.500427e-15
159.01039640640 -11.01270752823 1.061725e-01    3.483486e+07    3.474514e-15
159.14746900067 -11.06285659568 8.527313e-02    3.483486e+07    5.430899e-15
158.44458876340 -10.80559935912 1.948918e-01    3.483486e+07    9.961210e-16
157.69103977098 -10.52955079644 3.195269e-01    3.483486e+07    3.533846e-16
159.35262868896 -11.13788186792 5.440967e-02    3.483486e+07    1.350383e-14
158.26939734842 -10.74145060374 2.231895e-01    3.483486e+07    7.513098e-16
157.81598914516 -10.57534108014 2.983254e-01    3.483486e+07    4.086531e-16
158.51953904152 -10.83304654562 1.829085e-01    3.483486e+07    1.136171e-15
159.36367489081 -11.14192344574 5.276173e-02    3.483486e+07    1.436997e-14
157.51254060298 -10.46412181677 3.501984e-01    3.483486e+07    2.908284e-16
159.57463881125 -11.21903672758 2.156536e-02    3.483486e+07    8.709385e-14
158.14026529401 -10.69414801806 2.443067e-01    3.483486e+07    6.219886e-16
158.99360466481 -11.00656441348 1.087479e-01    3.483486e+07    3.308536e-15
157.86930803712 -10.59486552284 2.893455e-01    3.483486e+07    4.358905e-16
159.68456267668 -11.25920432131 5.511528e-03    3.483486e+07    1.342001e-12
159.67560985920 -11.25593381522 6.814150e-03    3.483486e+07    8.774984e-13
159.61995018972 -11.23559743466 1.493138e-02    3.483486e+07    1.821608e-13
158.59314856029 -10.85999803523 1.712067e-01    3.483486e+07    1.302686e-15
158.41664275329 -10.79536850954 1.993785e-01    3.483486e+07    9.501459e-16
158.04980754112 -10.66101109939 2.592295e-01    3.483486e+07    5.493016e-16
159.71802750890 -11.27143103533 6.513509e-04    3.483486e+07    9.627538e-11
159.72046914870 -11.27232346482 2.971427e-04    3.483486e+07    4.626759e-10
159.38470166686 -11.14960761782 4.962993e-02    3.483486e+07    1.626102e-14
158.49896959827 -10.82551530483 1.861903e-01    3.483486e+07    1.095080e-15
159.64364129638 -11.24425190331 1.147218e-02    3.483486e+07    3.090054e-13
159.71870778192 -11.27167966962 5.526240e-04    3.483486e+07    1.337528e-10
159.07388478244 -11.03593931988 9.646380e-02    3.483486e+07    4.225222e-15
159.30346497425 -11.11991091940 6.176023e-02    3.483486e+07    1.045016e-14
159.20029100409 -11.08217942488 7.727837e-02    3.483486e+07    6.633663e-15
159.18489931438 -11.07655263283 7.960455e-02    3.483486e+07    6.245882e-15
159.70280347531 -11.26586983966 2.860947e-03    3.483486e+07    4.985857e-12
159.51253543900 -11.19633910711 3.069633e-02    3.483486e+07    4.282937e-14
159.58329599965 -11.22220214628 2.029636e-02    3.483486e+07    9.837512e-14
159.49415786230 -11.18962257471 3.340596e-02    3.483486e+07    3.612406e-14
158.31320748068 -10.75748788279 2.160747e-01    3.483486e+07    8.037965e-16
158.00497679286 -10.64458400437 2.666674e-01    3.483486e+07    5.176184e-16
159.53479863040 -11.20447574687 2.741749e-02    3.483486e+07    5.375620e-14
159.20514750379 -11.08394963490 7.654612e-02    3.483486e+07    6.763146e-15
159.68748348999 -11.26027112998 5.086919e-03    3.483486e+07    1.575656e-12
159.08270134009 -11.03916893576 9.511922e-02    3.483486e+07    4.347824e-15
157.64668920503 -10.51329051899 3.271060e-01    3.483486e+07    3.362386e-16
159.61245330800 -11.23285679892 1.602712e-02    3.483486e+07    1.580351e-13
159.35745828120 -11.13965002452 5.368991e-02    3.483486e+07    1.387229e-14
159.70836421730 -11.26790030677 2.053480e-03    3.483486e+07    9.680980e-12
157.48665041426 -10.45463376191 3.546843e-01    3.483486e+07    2.830434e-16
159.72167473778 -11.27276389179 1.223548e-04    3.483486e+07    2.728951e-09
159.62504994960 -11.23746202914 1.418611e-02    3.483486e+07    2.018638e-13
159.26765833704 -11.10681002512 6.713227e-02    3.483486e+07    8.825766e-15
158.56348168441 -10.84913841015 1.759144e-01    3.483486e+07    1.231645e-15
159.72251568381 -11.27307107950 4.253150e-07    3.483486e+07    2.258591e-04
158.41101719652 -10.79331618972 2.002834e-01    3.483486e+07    9.412511e-16
158.40496876326 -10.79109945087 2.012553e-01    3.483486e+07    9.318324e-16
159.56793469473 -11.21658728859 2.254878e-02    3.483486e+07    7.963131e-14
159.15104693446 -11.06416193461 8.472988e-02    3.483486e+07    5.501945e-15
158.68896340222 -10.89508288034 1.560804e-01    3.483486e+07    1.576661e-15
158.66028387334 -10.88457372612 1.605970e-01    3.483486e+07    1.486610e-15
158.17114894243 -10.70544989068 2.392354e-01    3.483486e+07    6.498971e-16
159.45036065041 -11.17361289739 3.988113e-02    3.483486e+07    2.528059e-14
158.01312397153 -10.64756663769 2.653150e-01    3.483486e+07    5.231783e-16
158.42430656905 -10.79818282377 1.981463e-01    3.483486e+07    9.624571e-16
159.72186742853 -11.27283428617 9.444563e-05    3.483486e+07    4.580140e-09
159.28048094150 -11.11150257778 6.520635e-02    3.483486e+07    9.361967e-15
157.76419706370 -10.55635070854 3.070878e-01    3.483486e+07    3.843910e-16
159.68307269292 -11.25866067923 5.728468e-03    3.483486e+07    1.242173e-12
158.05371033455 -10.66244142337 2.585841e-01    3.483486e+07    5.521828e-16
158.76659795473 -10.92349507525 1.439102e-01    3.483486e+07    1.863426e-15
159.62202369320 -11.23635629106 1.462817e-02    3.483486e+07    1.898137e-13
159.69169477115 -11.26181201779 4.474681e-03    3.483486e+07    2.036825e-12
159.60950907455 -11.23178301223 1.645782e-02    3.483486e+07    1.498459e-13
158.33449068774 -10.76528980575 2.126273e-01    3.483486e+07    8.311733e-16
157.67148043059 -10.52237139158 3.228664e-01    3.483486e+07    3.456775e-16
159.66757907478 -11.25299837970 7.983218e-03    3.483486e+07    6.390131e-13
159.70880526973 -11.26806157853 1.989463e-03    3.483486e+07    1.031430e-11
158.79196655230 -10.93278032194 1.399488e-01    3.483486e+07    1.973463e-15
157.99874601390 -10.64229979374 2.677057e-01    3.483486e+07    5.134080e-16
159.25284702158 -11.10139539255 6.935801e-02    3.483486e+07    8.261110e-15
158.34540400535 -10.76928057353 2.108624e-01    3.483486e+07    8.457197e-16
159.14029277732 -11.06022772470 8.636180e-02    3.483486e+07    5.292564e-15
159.72196598185 -11.27287009464 8.013580e-05    3.483486e+07    6.361973e-09
157.75105954747 -10.55155090891 3.093154e-01    3.483486e+07    3.785560e-16
158.10690011361 -10.68192692477 2.497968e-01    3.483486e+07    5.937020e-16
159.68800969834 -11.26046340572 5.010410e-03    3.483486e+07    1.624194e-12
159.56187907992 -11.21437346543 2.343807e-02    3.483486e+07    7.367690e-14
158.70924714507 -10.90250706035 1.528926e-01    3.483486e+07    1.645135e-15
159.39150012521 -11.15209632886 4.861784e-02    3.483486e+07    1.695192e-14
158.06057977330 -10.66494607722 2.574471e-01    3.483486e+07    5.573124e-16
158.56637266026 -10.85019721575 1.754564e-01    3.483486e+07    1.238304e-15
157.90799908710 -10.60905643848 2.828520e-01    3.483486e+07    4.572576e-16
157.69175561663 -10.52980804921 3.194066e-01    3.483486e+07    3.536667e-16
158.00393470335 -10.64419496236 2.668423e-01    3.483486e+07    5.169055e-16
159.67425911373 -11.25544177983 7.010515e-03    3.483486e+07    8.289639e-13
158.20245063841 -10.71692292487 2.341090e-01    3.483486e+07    6.800043e-16
158.48345318665 -10.81983294773 1.886694e-01    3.483486e+07    1.065468e-15
158.12939142008 -10.69015759187 2.460952e-01    3.483486e+07    6.125619e-16
159.24566530411 -11.09877578126 7.043825e-02    3.483486e+07    8.006241e-15
159.39552957681 -11.15357127856 4.801820e-02    3.483486e+07    1.738209e-14
157.91879581484 -10.61300124345 2.810431e-01    3.483486e+07    4.634807e-16
159.53024624492 -11.20281170338 2.808742e-02    3.483486e+07    5.120869e-14
157.63247110325 -10.50808667032 3.295396e-01    3.483486e+07    3.309879e-16
159.31649765032 -11.12467352388 5.980974e-02    3.483486e+07    1.115150e-14
159.68699359378 -11.26009412452 5.158163e-03    3.483486e+07    1.532387e-12
159.02193806008 -11.01693613583 1.044043e-01    3.483486e+07    3.595697e-15
158.86952225549 -10.96116918777 1.278883e-01    3.483486e+07    2.374403e-15
159.57063869626 -11.21757868762 2.215190e-02    3.483486e+07    8.252334e-14
159.70983908747 -11.26844008114 1.839425e-03    3.483486e+07    1.206629e-11
157.26364781445 -10.37290997042 3.937333e-01    3.483486e+07    2.263716e-16
159.63385656098 -11.24067970809 1.289975e-02    3.483486e+07    2.442566e-13
159.64810568744 -11.24588481345 1.082071e-02    3.483486e+07    3.474242e-13
157.70483960616 -10.53460245500 3.171740e-01    3.483486e+07    3.589647e-16
159.59907829836 -11.22797143593 1.798433e-02    3.483486e+07    1.254109e-13
158.43463396376 -10.80195834439 1.964901e-01    3.483486e+07    9.793772e-16
158.71398231086 -10.90424084584 1.521493e-01    3.483486e+07    1.661730e-15
159.29980312363 -11.11856696339 6.230934e-02    3.483486e+07    1.026455e-14
158.25586900639 -10.73649739440 2.253910e-01    3.483486e+07    7.360828e-16
159.39647965509 -11.15391375917 4.787774e-02    3.483486e+07    1.748521e-14
159.71425839197 -11.27005405410 1.198204e-03    3.483486e+07    2.844382e-11
159.55401598042 -11.21150044214 2.459220e-02    3.483486e+07    6.689290e-14
159.70599022727 -11.26703399145 2.398205e-03    3.483486e+07    7.096883e-12
157.87832040993 -10.59818183651 2.878301e-01    3.483486e+07    4.407453e-16
158.02777424792 -10.65292527471 2.628831e-01    3.483486e+07    5.333962e-16
158.84201010686 -10.95110004523 1.321586e-01    3.483486e+07    2.219726e-15
158.86131935147 -10.95816926320 1.291606e-01    3.483486e+07    2.326696e-15
157.47321183449 -10.44971159747 3.570185e-01    3.483486e+07    2.791107e-16
159.51864814865 -11.19857801024 2.979516e-02    3.483486e+07    4.547573e-14
158.64841064263 -10.88022782379 1.624698e-01    3.483486e+07    1.451477e-15
159.45904408879 -11.17678649737 3.859622e-02    3.483486e+07    2.700568e-14
158.84973388257 -10.95391724873 1.309593e-01    3.483486e+07    2.261627e-15
157.70250972720 -10.53375392830 3.175712e-01    3.483486e+07    3.580139e-16
158.67937436836 -10.89157475043 1.575892e-01    3.483486e+07    1.545706e-15
157.53250725762 -10.47144408035 3.467467e-01    3.483486e+07    2.970306e-16
159.26025873241 -11.10411224366 6.824392e-02    3.483486e+07    8.536808e-15
158.34026579869 -10.76740098830 2.116947e-01    3.483486e+07    8.388144e-16
159.68094977788 -11.25788395496 6.037037e-03    3.483486e+07    1.118298e-12
159.67591373776 -11.25604487813 6.770001e-03    3.483486e+07    8.889963e-13
158.68484933047 -10.89357799070 1.567274e-01    3.483486e+07    1.563277e-15
159.01700280777 -11.01512842695 1.051601e-01    3.483486e+07    3.543148e-15
159.66816608256 -11.25321392314 7.897771e-03    3.483486e+07    6.529374e-13
159.67561847367 -11.25593617755 6.812681e-03    3.483486e+07    8.778772e-13
159.68263299615 -11.25849991774 5.792231e-03    3.483486e+07    1.214944e-12
159.69221296657 -11.26199925950 4.399543e-03    3.483486e+07    2.107055e-12
157.77510435006 -10.56035560999 3.052387e-01    3.483486e+07    3.893339e-16
158.08291461527 -10.67314253001 2.537545e-01    3.483486e+07    5.744584e-16
159.71849264623 -11.27160131816 5.837819e-04    3.483486e+07    1.198549e-10
159.21747967441 -11.08846353428 7.468419e-02    3.483486e+07    7.109809e-15
159.60378522942 -11.22968771255 1.729566e-02    3.483486e+07    1.356343e-13
158.50379728838 -10.82728047173 1.854183e-01    3.483486e+07    1.104548e-15
158.43498912064 -10.80208670004 1.964323e-01    3.483486e+07    9.799755e-16
158.93992603565 -10.98693106202 1.170050e-01    3.483486e+07    2.848790e-15
158.93467333523 -10.98501113300 1.178147e-01    3.483486e+07    2.808876e-15
159.58291503065 -11.22206193686 2.035165e-02    3.483486e+07    9.783910e-14
157.83054118600 -10.58066187964 2.958708e-01    3.483486e+07    4.158477e-16
158.86801644213 -10.96060824001 1.281222e-01    3.483486e+07    2.365524e-15
158.01239963075 -10.64729462654 2.654346e-01    3.483486e+07    5.226828e-16
159.40625180039 -11.15748648641 4.642450e-02    3.483486e+07    1.860780e-14
159.37223506613 -11.14505336663 5.148692e-02    3.483486e+07    1.509803e-14
159.47554232626 -11.18282117273 3.615577e-02    3.483486e+07    3.080439e-14
159.57087712150 -11.21766261214 2.211740e-02    3.483486e+07    8.278216e-14
159.32401771311 -11.12742569223 5.868401e-02    3.483486e+07    1.158862e-14
159.03640016908 -11.02222128479 1.021904e-01    3.483486e+07    3.756457e-15
159.55564588533 -11.21209576575 2.435305e-02    3.483486e+07    6.821963e-14
157.88226867544 -10.59962489756 2.871669e-01    3.483486e+07    4.428948e-16
158.98426212057 -11.00314723081 1.101834e-01    3.483486e+07    3.221070e-15
157.38531043410 -10.41748929468 3.723411e-01    3.483486e+07    2.551497e-16
158.19369439618 -10.71372231425 2.355415e-01    3.483486e+07    6.713895e-16
159.70352844281 -11.26613489109 2.755605e-03    3.483486e+07    5.374574e-12
158.20698970867 -10.71859159517 2.333672e-01    3.483486e+07    6.845289e-16
159.31767595993 -11.12510606216 5.963331e-02    3.483486e+07    1.121837e-14
159.71473881011 -11.27022973858 1.128437e-03    3.483486e+07    3.207059e-11
159.22474146778 -11.09112375880 7.358987e-02    3.483486e+07    7.326009e-15
157.92404540602 -10.61492744975 2.801658e-01    3.483486e+07    4.665433e-16
159.71673661613 -11.27096027191 8.385284e-04    3.483486e+07    5.808674e-11
158.46746948931 -10.81398081998 1.912258e-01    3.483486e+07    1.036147e-15
159.53881007842 -11.20594351075 2.682778e-02    3.483486e+07    5.615866e-14
158.65717353823 -10.88344019749 1.610868e-01    3.483486e+07    1.477301e-15
159.59734319100 -11.22733617180 1.823796e-02    3.483486e+07    1.219346e-13
158.26913310343 -10.74134569540 2.232334e-01    3.483486e+07    7.510018e-16
159.38836876078 -11.15094836628 4.908382e-02    3.483486e+07    1.662849e-14
157.55757116769 -10.48064103800 3.424175e-01    3.483486e+07    3.050829e-16
159.51096336547 -11.19576470281 3.092788e-02    3.483486e+07    4.218655e-14
158.57560840187 -10.85357804033 1.739883e-01    3.483486e+07    1.260007e-15
159.27495752294 -11.10947925216 6.603581e-02    3.483486e+07    9.125252e-15
157.72613804029 -10.54240604409 3.135501e-01    3.483486e+07    3.678121e-16
159.21042955857 -11.08588780748 7.574771e-02    3.483486e+07    6.908653e-15
158.81767805612 -10.94219671044 1.359423e-01    3.483486e+07    2.094779e-15
157.57712808564 -10.48780191036 3.390465e-01    3.483486e+07    3.115730e-16
159.71734116097 -11.27118088850 7.508182e-04    3.483486e+07    7.245332e-11
158.75842210717 -10.92050054056 1.451882e-01    3.483486e+07    1.829854e-15
157.99016192718 -10.63915176441 2.691321e-01    3.483486e+07    5.077048e-16
159.69484479218 -11.26296104294 4.016936e-03    3.483486e+07    2.527946e-12
159.52921942002 -11.20243952034 2.823875e-02    3.483486e+07    5.065825e-14
158.45829112067 -10.81061992968 1.926949e-01    3.483486e+07    1.019829e-15
159.55727982853 -11.21269376906 2.411291e-02    3.483486e+07    6.959188e-14
159.46557417385 -11.17917706950 3.762927e-02    3.483486e+07    2.842239e-14
158.05193751995 -10.66178969507 2.588772e-01    3.483486e+07    5.508715e-16
159.34672149801 -11.13572138817 5.529215e-02    3.483486e+07    1.307164e-14
159.69987904633 -11.26480183316 3.285605e-03    3.483486e+07    3.779676e-12
159.01411353586 -11.01406961342 1.056022e-01    3.483486e+07    3.512930e-15
159.04382704757 -11.02494811292 1.010535e-01    3.483486e+07    3.843174e-15
159.28392134084 -11.11275823338 6.469041e-02    3.483486e+07    9.513841e-15
159.70753922910 -11.26759895987 2.173342e-03    3.483486e+07    8.642183e-12
157.80271309226 -10.57047409509 3.005680e-01    3.483486e+07    4.022365e-16
157.91140485506 -10.61029369145 2.822825e-01    3.483486e+07    4.592036e-16
158.75590123836 -10.91958013142 1.455813e-01    3.483486e+07    1.819705e-15
158.51425412821 -10.83111090389 1.837507e-01    3.483486e+07    1.125413e-15
159.65846360159 -11.24967035702 9.310761e-03    3.483486e+07    4.695307e-13
158.63891076119 -10.87675185012 1.639692e-01    3.483486e+07    1.424223e-15
159.71660227394 -11.27091028028 8.580599e-04    3.483486e+07    5.547202e-11
157.77070166682 -10.55874365843 3.059844e-01    3.483486e+07    3.873292e-16
157.56874541314 -10.48471992942 3.404933e-01    3.483486e+07    3.087634e-16
159.71979004277 -11.27207541313 3.956669e-04    3.483486e+07    2.609339e-10
158.00235154815 -10.64362791949 2.671049e-01    3.483486e+07    5.158384e-16
159.11319504445 -11.05031994095 9.047781e-02    3.483486e+07    4.814150e-15
158.59453484409 -10.86050671443 1.709884e-01    3.483486e+07    1.306125e-15
159.58588027318 -11.22314435075 1.991760e-02    3.483486e+07    1.021677e-13
158.32735432698 -10.76267593622 2.137839e-01    3.483486e+07    8.218383e-16
158.41033940442 -10.79306465158 2.003913e-01    3.483486e+07    9.401982e-16
157.47667291397 -10.45097228560 3.564170e-01    3.483486e+07    2.801167e-16
157.52407629068 -10.46836334236 3.482033e-01    3.483486e+07    2.943902e-16
159.59015888334 -11.22470883359 1.929031e-02    3.483486e+07    1.089477e-13
157.71504565153 -10.53835032147 3.154373e-01    3.483486e+07    3.631660e-16
158.58541363885 -10.85717147091 1.724330e-01    3.483486e+07    1.283613e-15
159.22049041754 -11.08956300531 7.423034e-02    3.483486e+07    7.198307e-15
159.68969373314 -11.26107966775 4.765591e-03    3.483486e+07    1.795534e-12
159.59601298254 -11.22684790004 1.843291e-02    3.483486e+07    1.193597e-13
157.77479220837 -10.56024699180 3.052909e-01    3.483486e+07    3.891928e-16
159.70727014639 -11.26750076431 2.212228e-03    3.483486e+07    8.340901e-12
157.48229141722 -10.45303351446 3.554427e-01    3.483486e+07    2.817569e-16
159.36302478887 -11.14168172276 5.285946e-02    3.483486e+07    1.431633e-14
158.32519670660 -10.76188634352 2.141324e-01    3.483486e+07    8.190563e-16
159.42755309190 -11.16527533635 4.326237e-02    3.483486e+07    2.145438e-14
158.41208152402 -10.79370412435 2.001125e-01    3.483486e+07    9.429211e-16
158.43226233113 -10.80109923347 1.968696e-01    3.483486e+07    9.754618e-16
158.19117823646 -10.71278926397 2.359545e-01    3.483486e+07    6.689363e-16
159.43538907612 -11.16814273004 4.210006e-02    3.483486e+07    2.266587e-14
159.57268511632 -11.21832392303 2.185189e-02    3.483486e+07    8.481504e-14
158.88327572646 -10.96620250831 1.257582e-01    3.483486e+07    2.457569e-15
158.09743153081 -10.67845415535 2.513602e-01    3.483486e+07    5.859898e-16
159.71304397062 -11.26961117973 1.374299e-03    3.483486e+07    2.162005e-11
159.72230591572 -11.27299441308 3.084490e-05    3.483486e+07    4.294246e-08
159.62727525140 -11.23827114935 1.386105e-02    3.483486e+07    2.114702e-13
158.92733269681 -10.98231885462 1.189481e-01    3.483486e+07    2.754374e-15
158.57741453186 -10.85423519334 1.737023e-01    3.483486e+07    1.264300e-15
159.51349329007 -11.19669109501 3.055440e-02    3.483486e+07    4.323064e-14
158.16473763272 -10.70310381881 2.402876e-01    3.483486e+07    6.439585e-16
159.25426624045 -11.10191827875 6.914526e-02    3.483486e+07    8.312728e-15
158.23074953792 -10.72729740667 2.294852e-01    3.483486e+07    7.089381e-16
