#        RA [deg]       Dec [deg]  beta    #n scale factor   tot flux [Jy]
159.68289548570 -11.25132771384 2.858961e-02    4.090038e+07    6.280182e-14
159.47780012470 -11.13878747891 1.787683e-01    4.090038e+07    1.576275e-15
159.68718068249 -11.25367907296 2.549018e-02    4.090038e+07    7.903380e-14
159.54336677135 -11.17476107984 1.303536e-01    4.090038e+07    2.982583e-15
159.70217396207 -11.26190869332 1.466208e-02    4.090038e+07    2.391996e-13
159.39737556873 -11.09465580096 2.386808e-01    4.090038e+07    8.776927e-16
159.59559834905 -11.20342846074 9.205570e-02    4.090038e+07    6.009256e-15
159.32111601903 -11.05281506962 2.960339e-01    4.090038e+07    5.665149e-16
159.25523170335 -11.01667487485 3.460135e-01    4.090038e+07    4.121280e-16
159.62431093253 -11.21918002046 7.110865e-02    4.090038e+07    1.009763e-14
159.65788723531 -11.23760748651 4.670293e-02    4.090038e+07    2.348061e-14
159.49175840372 -11.14644738928 1.684257e-01    4.090038e+07    1.778100e-15
159.48282655893 -11.14154931298 1.750388e-01    4.090038e+07    1.644925e-15
159.53920278802 -11.17248103765 1.334128e-01    4.090038e+07    2.846275e-15
159.71780823266 -11.27048716399 3.391124e-03    4.090038e+07    4.477986e-12
159.59636807317 -11.20385070227 9.149286e-02    4.090038e+07    6.083849e-15
159.52254023513 -11.16333742036 1.456906e-01    4.090038e+07    2.383102e-15
159.56612079950 -11.18724815768 1.136411e-01    4.090038e+07    3.932568e-15
159.29851849134 -11.04042264705 3.131330e-01    4.090038e+07    5.052658e-16
159.61659749096 -11.21494742571 7.672891e-02    4.090038e+07    8.666420e-15
159.27125336256 -11.02546583845 3.338280e-01    4.090038e+07    4.434292e-16
159.65440130267 -11.23569438765 4.923065e-02    4.090038e+07    2.112459e-14
159.39899558068 -11.09555001447 2.374643e-01    4.090038e+07    8.868422e-16
159.25642425032 -11.01732917564 3.451053e-01    4.090038e+07    4.143465e-16
159.40375991989 -11.09816553789 2.339013e-01    4.090038e+07    9.144706e-16
159.19489913134 -10.98357821183 3.921401e-01    4.090038e+07    3.190621e-16
159.32560693111 -11.05528693264 2.926384e-01    4.090038e+07    5.799808e-16
159.39306330348 -11.09229486279 2.419100e-01    4.090038e+07    8.540744e-16
159.23468495422 -11.00540224251 3.616871e-01    4.090038e+07    3.764568e-16
159.64529069691 -11.23069247012 5.584636e-02    4.090038e+07    1.640243e-14
159.39537848100 -11.09355948599 2.401773e-01    4.090038e+07    8.666286e-16
159.56869229482 -11.18866473293 1.117525e-01    4.090038e+07    4.067571e-15
159.26081749069 -11.01973804331 3.417657e-01    4.090038e+07    4.226572e-16
159.43997036624 -11.11802792940 2.068754e-01    4.090038e+07    1.172939e-15
159.63910085376 -11.22729742099 6.034664e-02    4.090038e+07    1.403931e-14
159.65070482881 -11.23366347793 5.191563e-02    4.090038e+07    1.898963e-14
159.30447282768 -11.04368388820 3.086258e-01    4.090038e+07    5.204207e-16
159.71259224127 -11.26762440555 7.149311e-03    4.090038e+07    1.007014e-12
159.20188997923 -10.98741573977 3.867797e-01    4.090038e+07    3.281828e-16
159.72244015009 -11.27302930504 5.620145e-05    4.090038e+07    1.631015e-08
159.45438228223 -11.12594119784 1.961525e-01    4.090038e+07    1.306426e-15
159.69923549673 -11.26029505315 1.678200e-02    4.090038e+07    1.825358e-13
159.29962376306 -11.04103335986 3.122928e-01    4.090038e+07    5.080410e-16
159.49490322666 -11.14817450122 1.661019e-01    4.090038e+07    1.828731e-15
159.26080186085 -11.01973146344 3.417722e-01    4.090038e+07    4.226408e-16
159.72118706619 -11.27234155293 9.579930e-04    4.090038e+07    5.612790e-11
159.60098976861 -11.20638290969 8.811931e-02    4.090038e+07    6.561369e-15
159.72156236286 -11.27254751414 6.878379e-04    4.090038e+07    1.088795e-10
159.66639198823 -11.24227329480 4.053578e-02    4.090038e+07    3.119305e-14
159.38159290080 -11.08600282597 2.505081e-01    4.090038e+07    7.956043e-16
159.71976900477 -11.27156370703 1.979031e-03    4.090038e+07    1.315049e-11
159.60652388771 -11.20942210076 8.407825e-02    4.090038e+07    7.210903e-15
159.43319687909 -11.11431174923 2.119213e-01    4.090038e+07    1.117048e-15
159.36891350173 -11.07904851672 2.600215e-01    4.090038e+07    7.375815e-16
159.67584959217 -11.24746221800 3.368578e-02    4.090038e+07    4.520814e-14
159.26176686766 -11.02025286780 3.410434e-01    4.090038e+07    4.244871e-16
159.71899038169 -11.27113594448 2.540063e-03    4.090038e+07    7.982291e-12
159.65669108092 -11.23695053127 4.757081e-02    4.090038e+07    2.262920e-14
159.71696154713 -11.27002276651 4.001276e-03    4.090038e+07    3.216174e-12
159.32434442707 -11.05458831871 2.935940e-01    4.090038e+07    5.761434e-16
159.71543983039 -11.26918805900 5.096890e-03    4.090038e+07    1.981828e-12
159.38646025745 -11.08867394562 2.468564e-01    4.090038e+07    8.196880e-16
159.47602133021 -11.13781418846 1.800866e-01    4.090038e+07    1.553026e-15
159.65786636640 -11.23759482971 4.671873e-02    4.090038e+07    2.346469e-14
159.53643366014 -11.17095689970 1.354532e-01    4.090038e+07    2.760468e-15
159.60264937162 -11.20729770004 8.690477e-02    4.090038e+07    6.747076e-15
159.54058715961 -11.17324085171 1.323962e-01    4.090038e+07    2.890522e-15
159.69983367784 -11.26062267781 1.635131e-02    4.090038e+07    1.922889e-13
159.20524679092 -10.98925270077 3.842118e-01    4.090038e+07    3.326891e-16
159.30649472342 -11.04480208431 3.070900e-01    4.090038e+07    5.257389e-16
159.62119994966 -11.21747343681 7.337384e-02    4.090038e+07    9.481091e-15
159.61268330067 -11.21279902124 7.958283e-02    4.090038e+07    8.053104e-15
159.72127650384 -11.27239092353 8.937351e-04    4.090038e+07    6.448955e-11
159.54841320957 -11.17753238230 1.266400e-01    4.090038e+07    3.161539e-15
159.55377876600 -11.18047750537 1.227004e-01    4.090038e+07    3.369475e-15
159.36497508420 -11.07688453933 2.629855e-01    4.090038e+07    7.207851e-16
159.70130651752 -11.26143313823 1.528793e-02    4.090038e+07    2.199986e-13
159.69191239167 -11.25627693397 2.207017e-02    4.090038e+07    1.054713e-13
159.64587795458 -11.23101425451 5.542008e-02    4.090038e+07    1.665662e-14
159.44531970802 -11.12096594281 2.028936e-01    4.090038e+07    1.220034e-15
159.70914474829 -11.26573332340 9.633520e-03    4.090038e+07    5.544438e-13
159.30735485482 -11.04527335965 3.064375e-01    4.090038e+07    5.280227e-16
159.46481540967 -11.13166007132 1.883994e-01    4.090038e+07    1.417532e-15
159.70377935124 -11.26278939389 1.350423e-02    4.090038e+07    2.820170e-13
159.70266763324 -11.26217799425 1.430568e-02    4.090038e+07    2.512781e-13
159.66463779586 -11.24131072341 4.180759e-02    4.090038e+07    2.931940e-14
159.33854056542 -11.06238435301 2.828822e-01    4.090038e+07    6.214250e-16
159.44951590344 -11.12326829812 1.997683e-01    4.090038e+07    1.258995e-15
159.47722055218 -11.13846946773 1.791989e-01    4.090038e+07    1.568625e-15
159.60326150137 -11.20762927811 8.645802e-02    4.090038e+07    6.817367e-15
159.59859970280 -11.20506989602 8.986482e-02    4.090038e+07    6.307570e-15
159.38359912576 -11.08709992128 2.490029e-01    4.090038e+07    8.054025e-16
159.40867903915 -11.10085817007 2.302232e-01    4.090038e+07    9.443546e-16
159.72144807751 -11.27248516860 7.703881e-04    4.090038e+07    8.679498e-11
159.60152025632 -11.20667734491 8.773099e-02    4.090038e+07    6.619904e-15
159.72122110317 -11.27236025386 9.335740e-04    4.090038e+07    5.910270e-11
159.65381641620 -11.23537189175 4.965516e-02    4.090038e+07    2.076383e-14
159.71412151136 -11.26846446287 6.046642e-03    4.090038e+07    1.407978e-12
159.65294480189 -11.23489547071 5.028838e-02    4.090038e+07    2.024260e-14
159.39627080964 -11.09405162310 2.395053e-01    4.090038e+07    8.715710e-16
159.47131894609 -11.13522842552 1.835728e-01    4.090038e+07    1.493951e-15
159.72139485081 -11.27245597154 8.084345e-04    4.090038e+07    7.881737e-11
159.49251728917 -11.14686602907 1.678665e-01    4.090038e+07    1.790091e-15
159.72229551540 -11.27294991924 1.604142e-04    4.090038e+07    2.001988e-09
159.21325839555 -10.99365173241 3.780721e-01    4.090038e+07    3.438412e-16
159.72078220206 -11.27211964138 1.249807e-03    4.090038e+07    3.297628e-11
159.53280267228 -11.16897171975 1.381260e-01    4.090038e+07    2.653782e-15
159.66071328163 -11.23915462592 4.465344e-02    4.090038e+07    2.569211e-14
159.67738049287 -11.24830143172 3.257849e-02    4.090038e+07    4.834022e-14
159.63850036922 -11.22696509178 6.078385e-02    4.090038e+07    1.383731e-14
159.61784191663 -11.21563292969 7.582147e-02    4.090038e+07    8.876116e-15
159.51642702337 -11.15998119199 1.501976e-01    4.090038e+07    2.240966e-15
159.72214082920 -11.27286516805 2.715228e-04    4.090038e+07    6.987606e-10
159.32629928528 -11.05565909336 2.921195e-01    4.090038e+07    5.820805e-16
159.50042631841 -11.15120391097 1.620144e-01    4.090038e+07    1.923149e-15
159.71704351986 -11.27006834663 3.941876e-03    4.090038e+07    3.313857e-12
159.57398317619 -11.19156185864 1.078778e-01    4.090038e+07    4.367135e-15
159.69940202539 -11.26038683648 1.666209e-02    4.090038e+07    1.851755e-13
159.70694583883 -11.26452731627 1.121948e-02    4.090038e+07    4.086913e-13
159.64393462568 -11.22994991465 5.683379e-02    4.090038e+07    1.583546e-14
159.67360885491 -11.24623161946 3.530875e-02    4.090038e+07    4.113925e-14
159.37860585589 -11.08435939904 2.527508e-01    4.090038e+07    7.813305e-16
159.55172117245 -11.17934890543 1.242099e-01    4.090038e+07    3.287458e-15
159.32632342801 -11.05567770560 2.921020e-01    4.090038e+07    5.821514e-16
159.29560676933 -11.03882290477 3.153369e-01    4.090038e+07    4.980923e-16
159.61375731847 -11.21339078744 7.879952e-02    4.090038e+07    8.214812e-15
159.36892217144 -11.07905159037 2.600185e-01    4.090038e+07    7.375991e-16
159.72229112758 -11.27294750010 1.633239e-04    4.090038e+07    1.931291e-09
159.62668061114 -11.22048181757 6.938299e-02    4.090038e+07    1.060847e-14
159.26686907229 -11.02305892335 3.371600e-01    4.090038e+07    4.345297e-16
159.62461464071 -11.21934847733 7.088638e-02    4.090038e+07    1.016134e-14
159.35411621912 -11.07092623337 2.711488e-01    4.090038e+07    6.773530e-16
159.20107968102 -10.98696448197 3.873994e-01    4.090038e+07    3.271088e-16
159.69308330809 -11.25691871991 2.122568e-02    4.090038e+07    1.140430e-13
159.56951890874 -11.18911171375 1.111481e-01    4.090038e+07    4.112241e-15
159.28531336037 -11.03317888856 3.231421e-01    4.090038e+07    4.738649e-16
159.58726358159 -11.19885445424 9.815205e-02    4.090038e+07    5.281914e-15
159.58880787371 -11.19970184602 9.702037e-02    4.090038e+07    5.406620e-15
159.68051956538 -11.25002590310 3.030629e-02    4.090038e+07    5.587651e-14
159.27071194047 -11.02516953190 3.342347e-01    4.090038e+07    4.423284e-16
159.70118249140 -11.26136289879 1.537741e-02    4.090038e+07    2.174433e-13
159.66710636489 -11.24266677892 4.001804e-02    4.090038e+07    3.200750e-14
159.19986599357 -10.98629801708 3.883305e-01    4.090038e+07    3.255048e-16
159.19277438208 -10.98240384924 3.937781e-01    4.090038e+07    3.163497e-16
159.59562379529 -11.20343626344 9.203943e-02    4.090038e+07    6.011394e-15
159.63733797547 -11.22632708594 6.162872e-02    4.090038e+07    1.345909e-14
159.61842263378 -11.21595218611 7.539861e-02    4.090038e+07    8.976430e-15
159.51249070388 -11.15781848254 1.531039e-01    4.090038e+07    2.155911e-15
159.45122964142 -11.12420914616 1.984948e-01    4.090038e+07    1.275405e-15
159.31041737922 -11.04694499875 3.041233e-01    4.090038e+07    5.362421e-16
159.62692509492 -11.22061306613 6.920533e-02    4.090038e+07    1.066324e-14
159.71105021971 -11.26677988291 8.260101e-03    4.090038e+07    7.542792e-13
159.47629771739 -11.13796450236 1.798787e-01    4.090038e+07    1.556659e-15
159.69956880669 -11.26047737258 1.654191e-02    4.090038e+07    1.878788e-13
159.38677294339 -11.08883884828 2.466215e-01    4.090038e+07    8.212739e-16
159.55895619413 -11.18331668595 1.188963e-01    4.090038e+07    3.590247e-15
159.33026980510 -11.05784681900 2.891205e-01    4.090038e+07    5.944392e-16
159.34040136217 -11.06339874869 2.814829e-01    4.090038e+07    6.277275e-16
159.19192965259 -10.98194703718 3.944195e-01    4.090038e+07    3.152967e-16
159.38703783947 -11.08898327930 2.464262e-01    4.090038e+07    8.225958e-16
159.72133942066 -11.27242536756 8.483030e-04    4.090038e+07    7.158259e-11
159.33673997003 -11.06139125639 2.842429e-01    4.090038e+07    6.153861e-16
159.41633762527 -11.10506650543 2.244978e-01    4.090038e+07    9.938433e-16
159.54501739397 -11.17567261775 1.291360e-01    4.090038e+07    3.039552e-15
159.36743489748 -11.07823409092 2.611343e-01    4.090038e+07    7.312079e-16
159.47050616849 -11.13478866646 1.841745e-01    4.090038e+07    1.484094e-15
159.34644422384 -11.06671814922 2.769277e-01    4.090038e+07    6.489138e-16
159.60517140086 -11.20867845279 8.506351e-02    4.090038e+07    7.043956e-15
159.41067360703 -11.10195822322 2.287325e-01    4.090038e+07    9.568807e-16
159.50788258956 -11.15529456425 1.565072e-01    4.090038e+07    2.062292e-15
159.36427189176 -11.07649556296 2.635121e-01    4.090038e+07    7.178600e-16
159.54201299704 -11.17402361527 1.313490e-01    4.090038e+07    2.937183e-15
159.35134759286 -11.06940640650 2.732362e-01    4.090038e+07    6.668707e-16
159.65404760673 -11.23549668224 4.948986e-02    4.090038e+07    2.090320e-14
159.59757962791 -11.20451590773 9.060842e-02    4.090038e+07    6.203887e-15
159.70375159558 -11.26277370902 1.352356e-02    4.090038e+07    2.812109e-13
159.50779008925 -11.15524475735 1.565736e-01    4.090038e+07    2.060528e-15
159.20910408371 -10.99137208113 3.812499e-01    4.090038e+07    3.380012e-16
159.60950583430 -11.21105881749 8.190085e-02    4.090038e+07    7.601492e-15
159.37795279777 -11.08400257432 2.532395e-01    4.090038e+07    7.782707e-16
159.65447333329 -11.23573352853 4.917880e-02    4.090038e+07    2.116930e-14
159.70940525677 -11.26587555002 9.446069e-03    4.090038e+07    5.766809e-13
159.68627766130 -11.25318525837 2.614397e-02    4.090038e+07    7.512417e-14
159.57812700258 -11.19383652739 1.048399e-01    4.090038e+07    4.625646e-15
159.55495851785 -11.18112224585 1.218339e-01    4.090038e+07    3.417948e-15
159.53050179468 -11.16770294331 1.398239e-01    4.090038e+07    2.589173e-15
159.71847566904 -11.27085406677 2.910400e-03    4.090038e+07    6.079825e-12
159.26756196233 -11.02344246100 3.366308e-01    4.090038e+07    4.359253e-16
159.71093692909 -11.26671676456 8.342469e-03    4.090038e+07    7.394506e-13
159.40289405474 -11.09768482498 2.345501e-01    4.090038e+07    9.093454e-16
159.20473314133 -10.98897288826 3.846004e-01    4.090038e+07    3.320013e-16
159.33655300285 -11.06129398250 2.843790e-01    4.090038e+07    6.147871e-16
159.59257456382 -11.20176350002 9.426956e-02    4.090038e+07    5.728732e-15
159.34832502246 -11.06774763942 2.755095e-01    4.090038e+07    6.557268e-16
159.21624773533 -10.99528949938 3.757803e-01    4.090038e+07    3.481459e-16
159.29486648368 -11.03841206522 3.159020e-01    4.090038e+07    4.962774e-16
159.48887031174 -11.14486271944 1.705634e-01    4.090038e+07    1.733346e-15
159.42573421466 -11.11022008969 2.174895e-01    4.090038e+07    1.059849e-15
159.72246176811 -11.27304115565 4.046274e-05    4.090038e+07    3.146613e-08
159.52955182515 -11.16718274166 1.405234e-01    4.090038e+07    2.563236e-15
159.71288082015 -11.26778349288 6.941314e-03    4.090038e+07    1.068296e-12
159.71477380629 -11.26882223119 5.577488e-03    4.090038e+07    1.654904e-12
159.47600627968 -11.13779903067 1.800979e-01    4.090038e+07    1.552829e-15
159.71790879801 -11.27054323518 3.318532e-03    4.090038e+07    4.676080e-12
159.70537383035 -11.26366403485 1.235401e-02    4.090038e+07    3.370252e-13
159.41844462147 -11.10621925959 2.229305e-01    4.090038e+07    1.008063e-15
159.19094266735 -10.98140823503 3.951822e-01    4.090038e+07    3.140515e-16
159.54219438392 -11.17412334997 1.312121e-01    4.090038e+07    2.943366e-15
159.71990808114 -11.27163981026 1.878985e-03    4.090038e+07    1.458835e-11
159.67044177193 -11.24449460509 3.760150e-02    4.090038e+07    3.626480e-14
159.71094264536 -11.26672049302 8.338203e-03    4.090038e+07    7.402078e-13
159.62833861985 -11.22139243868 6.817395e-02    4.090038e+07    1.098975e-14
159.48079038198 -11.14043208778 1.765477e-01    4.090038e+07    1.616625e-15
159.58318893046 -11.19661624928 1.011321e-01    4.090038e+07    4.973360e-15
159.23835897363 -11.00741916269 3.588788e-01    4.090038e+07    3.825036e-16
159.47145155176 -11.13530349846 1.834771e-01    4.090038e+07    1.495528e-15
159.71230197032 -11.26746531055 7.358525e-03    4.090038e+07    9.505409e-13
159.69652380588 -11.25880727446 1.874080e-02    4.090038e+07    1.463364e-13
159.21674913244 -10.99555786670 3.753986e-01    4.090038e+07    3.488707e-16
159.48950093367 -11.14521196734 1.700976e-01    4.090038e+07    1.742955e-15
159.71655141645 -11.26979840740 4.296290e-03    4.090038e+07    2.789543e-12
159.67514127423 -11.24707230325 3.420004e-02    4.090038e+07    4.385595e-14
159.71260264891 -11.26763120258 7.141121e-03    4.090038e+07    1.009326e-12
159.56756902860 -11.18804490653 1.125764e-01    4.090038e+07    4.007841e-15
159.56783443148 -11.18819316559 1.123835e-01    4.090038e+07    4.021706e-15
159.72229384338 -11.27294912409 1.613413e-04    4.090038e+07    1.979046e-09
159.44733061508 -11.12207169597 2.013980e-01    4.090038e+07    1.238452e-15
159.58309900030 -11.19656366744 1.012012e-01    4.090038e+07    4.966528e-15
159.56966883848 -11.18919621800 1.110390e-01    4.090038e+07    4.120380e-15
159.52647947476 -11.16549657590 1.427839e-01    4.090038e+07    2.482017e-15
159.67267487157 -11.24571915346 3.598611e-02    4.090038e+07    3.960173e-14
159.67995893529 -11.24971937659 3.071251e-02    4.090038e+07    5.440538e-14
159.44659114962 -11.12165870856 2.019489e-01    4.090038e+07    1.231619e-15
159.72250806659 -11.27306661906 7.150506e-06    4.090038e+07    1.007586e-06
159.68300739247 -11.25139072231 2.850691e-02    4.090038e+07    6.316740e-14
159.37681665753 -11.08338321664 2.540870e-01    4.090038e+07    7.730064e-16
159.41285935092 -11.10315161948 2.271007e-01    4.090038e+07    9.708781e-16
159.63935736908 -11.22743802522 6.015854e-02    4.090038e+07    1.412758e-14
159.32558149093 -11.05526847384 2.926645e-01    4.090038e+07    5.798757e-16
159.20050869813 -10.98665692291 3.878411e-01    4.090038e+07    3.263466e-16
159.71932489539 -11.27132020698 2.298942e-03    4.090038e+07    9.744817e-12
159.33210644914 -11.05884542112 2.877395e-01    4.090038e+07    6.002614e-16
159.21422852066 -10.99418048315 3.773314e-01    4.090038e+07    3.452239e-16
159.62422878660 -11.21913444512 7.116954e-02    4.090038e+07    1.008028e-14
159.71555059444 -11.26924858201 5.017038e-03    4.090038e+07    2.045436e-12
159.71597797114 -11.26948290999 4.709739e-03    4.090038e+07    2.321154e-12
159.38939906793 -11.09028626445 2.446511e-01    4.090038e+07    8.347602e-16
159.24617157743 -11.01170274064 3.529257e-01    4.090038e+07    3.958061e-16
159.66046949582 -11.23902148203 4.483122e-02    4.090038e+07    2.548819e-14
159.72250289493 -11.27306370726 1.105491e-05    4.090038e+07    4.215458e-07
159.34752872927 -11.06730676099 2.761127e-01    4.090038e+07    6.528160e-16
159.56785890830 -11.18820590723 1.123659e-01    4.090038e+07    4.022974e-15
159.59820252771 -11.20485490182 9.015245e-02    4.090038e+07    6.267159e-15
159.71215930500 -11.26738756937 7.460435e-03    4.090038e+07    9.247373e-13
159.49452240936 -11.14796000422 1.663817e-01    4.090038e+07    1.822520e-15
159.64802826900 -11.23219349095 5.386003e-02    4.090038e+07    1.763897e-14
159.26386739260 -11.02141566299 3.394441e-01    4.090038e+07    4.285809e-16
159.31820936091 -11.05122776874 2.982322e-01    4.090038e+07    5.580423e-16
159.65993050022 -11.23872526004 4.522127e-02    4.090038e+07    2.504916e-14
159.52262122733 -11.16337776634 1.456309e-01    4.090038e+07    2.385075e-15
159.64812115127 -11.23224778091 5.378985e-02    4.090038e+07    1.768519e-14
159.33053838839 -11.05799209662 2.889207e-01    4.090038e+07    5.952762e-16
159.49848806402 -11.15013844474 1.634473e-01    4.090038e+07    1.889241e-15
159.62623723248 -11.22023824610 6.970731e-02    4.090038e+07    1.050955e-14
159.63320030369 -11.22406132936 6.463731e-02    4.090038e+07    1.223070e-14
159.69103429845 -11.25579462245 2.270580e-02    4.090038e+07    9.964084e-14
159.63071762304 -11.22269672425 6.644256e-02    4.090038e+07    1.157248e-14
159.47784793808 -11.13881073369 1.787334e-01    4.090038e+07    1.576897e-15
159.57496967496 -11.19210628289 1.071543e-01    4.090038e+07    4.426710e-15
159.69610148874 -11.25857534573 1.904501e-02    4.090038e+07    1.416932e-13
159.39571878979 -11.09375077863 2.399175e-01    4.090038e+07    8.685346e-16
159.72233659704 -11.27297255585 1.306057e-04    4.090038e+07    3.020124e-09
159.64308481175 -11.22948188573 5.745183e-02    4.090038e+07    1.549539e-14
159.38229625368 -11.08638689125 2.499814e-01    4.090038e+07    7.990122e-16
159.42507100108 -11.10985632986 2.179844e-01    4.090038e+07    1.054977e-15
159.32202719373 -11.05331848781 2.953485e-01    4.090038e+07    5.691954e-16
159.58874861513 -11.19966830459 9.706685e-02    4.090038e+07    5.401411e-15
159.68771723214 -11.25397652838 2.510241e-02    4.090038e+07    8.149836e-14
159.68721314301 -11.25369805607 2.546629e-02    4.090038e+07    7.918238e-14
159.70071876871 -11.26110921249 1.571199e-02    4.090038e+07    2.082726e-13
159.65149473363 -11.23409924835 5.134039e-02    4.090038e+07    1.941896e-14
159.70089280975 -11.26120573804 1.558637e-02    4.090038e+07    2.116466e-13
159.68750468342 -11.25385692863 2.525615e-02    4.090038e+07    8.050764e-14
159.71782210690 -11.27049550388 3.380735e-03    4.090038e+07    4.505554e-12
159.26828776234 -11.02384153211 3.360776e-01    4.090038e+07    4.373915e-16
159.61643441294 -11.21485959218 7.684659e-02    4.090038e+07    8.639769e-15
159.69089978186 -11.25572100245 2.280241e-02    4.090038e+07    9.879712e-14
159.66868491617 -11.24353256589 3.887383e-02    4.090038e+07    3.392432e-14
159.56218315234 -11.18508864435 1.165280e-01    4.090038e+07    3.738774e-15
159.60724983248 -11.20981631838 8.354913e-02    4.090038e+07    7.303010e-15
159.57701244584 -11.19322460515 1.056577e-01    4.090038e+07    4.553856e-15
159.21097878182 -10.99239200736 3.798212e-01    4.090038e+07    3.406085e-16
159.49493175911 -11.14818803797 1.660769e-01    4.090038e+07    1.829287e-15
159.29409161581 -11.03799047824 3.164909e-01    4.090038e+07    4.943963e-16
159.39759034524 -11.09477901138 2.385163e-01    4.090038e+07    8.789222e-16
159.72250618308 -11.27306563012 8.592487e-06    4.090038e+07    6.977788e-07
159.72197106583 -11.27277182354 3.936896e-04    4.090038e+07    3.323736e-10
159.23605986338 -11.00615844253 3.606388e-01    4.090038e+07    3.786973e-16
159.58145624444 -11.19566816499 1.024001e-01    4.090038e+07    4.850183e-15
159.58866702822 -11.19962415109 9.712443e-02    4.090038e+07    5.394969e-15
159.56951044853 -11.18910685754 1.111552e-01    4.090038e+07    4.111711e-15
159.40442300823 -11.09852372638 2.334076e-01    4.090038e+07    9.183994e-16
159.38701530802 -11.08897310293 2.464437e-01    4.090038e+07    8.224770e-16
159.72062294968 -11.27203181513 1.364410e-03    4.090038e+07    2.766888e-11
159.45182856678 -11.12453726250 1.980479e-01    4.090038e+07    1.281238e-15
159.40485110433 -11.09875755664 2.330880e-01    4.090038e+07    9.209563e-16
159.54024059408 -11.17305130491 1.326504e-01    4.090038e+07    2.879364e-15
159.69838028744 -11.25982655820 1.739999e-02    4.090038e+07    1.697868e-13
159.52121790860 -11.16261535063 1.466627e-01    4.090038e+07    2.351329e-15
159.50999046842 -11.15644813788 1.549486e-01    4.090038e+07    2.104399e-15
159.39131026418 -11.09133632245 2.432222e-01    4.090038e+07    8.447469e-16
159.30999777450 -11.04671378573 3.044422e-01    4.090038e+07    5.350982e-16
159.56614095940 -11.18726390797 1.136249e-01    4.090038e+07    3.933695e-15
159.40703677223 -11.09995702370 2.314550e-01    4.090038e+07    9.341867e-16
159.72142757331 -11.27247375498 7.848925e-04    4.090038e+07    8.361662e-11
159.69558884549 -11.25829384216 1.941522e-02    4.090038e+07    1.363348e-13
159.33768876992 -11.06191505465 2.835224e-01    4.090038e+07    6.185730e-16
159.70051303290 -11.26099555296 1.586105e-02    4.090038e+07    2.043725e-13
159.72025225263 -11.27182902597 1.630979e-03    4.090038e+07    1.936287e-11
159.22338067928 -10.99919479986 3.703287e-01    4.090038e+07    3.587116e-16
159.69886108230 -11.26008888069 1.705286e-02    4.090038e+07    1.767772e-13
159.62778875229 -11.22109104640 6.857638e-02    4.090038e+07    1.086059e-14
159.44330761816 -11.11986338141 2.043898e-01    4.090038e+07    1.202013e-15
159.71487695161 -11.26887829313 5.503127e-03    4.090038e+07    1.699945e-12
159.69085076977 -11.25569617607 2.283707e-02    4.090038e+07    9.849705e-14
159.71853745929 -11.27088736314 2.866311e-03    4.090038e+07    6.268335e-12
159.68636649534 -11.25323437395 2.607901e-02    4.090038e+07    7.549950e-14
159.54587710355 -11.17614150065 1.285081e-01    4.090038e+07    3.069569e-15
159.56678270870 -11.18761595627 1.131550e-01    4.090038e+07    3.966668e-15
159.63403363558 -11.22451825457 6.403130e-02    4.090038e+07    1.246425e-14
159.69681268318 -11.25896747486 1.853078e-02    4.090038e+07    1.496761e-13
159.71976999238 -11.27156376467 1.978798e-03    4.090038e+07    1.315359e-11
159.72102489130 -11.27225257551 1.074962e-03    4.090038e+07    4.457700e-11
159.57912840179 -11.19438607339 1.041084e-01    4.090038e+07    4.691313e-15
159.70001021196 -11.26072056156 1.622360e-02    4.090038e+07    1.953313e-13
159.48911253992 -11.14499365194 1.703889e-01    4.090038e+07    1.736937e-15
159.54805369731 -11.17733599716 1.269045e-01    4.090038e+07    3.148269e-15
159.72203031387 -11.27280453592 3.510424e-04    4.090038e+07    4.180397e-10
159.50913300929 -11.15598343508 1.555820e-01    4.090038e+07    2.087135e-15
159.70450201363 -11.26318562409 1.298150e-02    4.090038e+07    3.052070e-13
159.37678386548 -11.08336628955 2.541147e-01    4.090038e+07    7.728353e-16
159.21885999766 -10.99671676872 3.737817e-01    4.090038e+07    3.519653e-16
159.19397985499 -10.98306734586 3.928516e-01    4.090038e+07    3.178796e-16
159.35227011755 -11.06991718794 2.725377e-01    4.090038e+07    6.703515e-16
159.72236450055 -11.27298778139 1.106177e-04    4.090038e+07    4.210177e-09
159.56289696253 -11.18548379562 1.160024e-01    4.090038e+07    3.772980e-15
159.33403494649 -11.05990652902 2.862789e-01    4.090038e+07    6.065114e-16
159.31641648708 -11.05024028011 2.995858e-01    4.090038e+07    5.529185e-16
159.65037232622 -11.23348409559 5.215558e-02    4.090038e+07    1.881473e-14
159.70395439390 -11.26288538819 1.337787e-02    4.090038e+07    2.873747e-13
159.44479211029 -11.12067465572 2.032872e-01    4.090038e+07    1.215254e-15
159.31557332471 -11.04978109198 3.002205e-01    4.090038e+07    5.505401e-16
159.71972347577 -11.27153882258 2.011930e-03    4.090038e+07    1.272389e-11
159.71600561862 -11.26949821262 4.690070e-03    4.090038e+07    2.340669e-12
159.70199734369 -11.26181015804 1.478914e-02    4.090038e+07    2.351036e-13
159.67420621245 -11.24656275493 3.487600e-02    4.090038e+07    4.216881e-14
159.20412563468 -10.98863752630 3.850710e-01    4.090038e+07    3.311711e-16
159.51407906391 -11.15869816598 1.519297e-01    4.090038e+07    2.189687e-15
159.42778245096 -11.11133870720 2.159616e-01    4.090038e+07    1.075101e-15
159.42894189390 -11.11198429936 2.150925e-01    4.090038e+07    1.083925e-15
159.45902822691 -11.12848417016 1.927000e-01    4.090038e+07    1.354241e-15
159.70267229925 -11.26218139504 1.430310e-02    4.090038e+07    2.513688e-13
159.55962933410 -11.18369113366 1.184008e-01    4.090038e+07    3.620587e-15
159.57700744564 -11.19322700180 1.056602e-01    4.090038e+07    4.553633e-15
159.65759634740 -11.23744490257 4.691449e-02    4.090038e+07    2.326870e-14
159.71580617505 -11.26938919933 4.832876e-03    4.090038e+07    2.204345e-12
159.54636644244 -11.17640860836 1.281485e-01    4.090038e+07    3.086959e-15
159.72050339200 -11.27196611171 1.450651e-03    4.090038e+07    2.447657e-11
159.46124025618 -11.12970051340 1.910536e-01    4.090038e+07    1.377964e-15
159.55208492849 -11.17955135926 1.239428e-01    4.090038e+07    3.301748e-15
159.58581109352 -11.19805737548 9.921477e-02    4.090038e+07    5.168678e-15
159.72213824715 -11.27286347470 2.734941e-04    4.090038e+07    6.887236e-10
159.40010300268 -11.09615213657 2.366406e-01    4.090038e+07    8.931181e-16
159.56549194203 -11.18690398458 1.140997e-01    4.090038e+07    3.900792e-15
159.55868923158 -11.18316889242 1.190937e-01    4.090038e+07    3.578271e-15
159.52278045812 -11.16347060779 1.455130e-01    4.090038e+07    2.388976e-15
159.44393745340 -11.12020997251 2.039187e-01    4.090038e+07    1.207644e-15
159.56713013235 -11.18780217348 1.128983e-01    4.090038e+07    3.984853e-15
159.56637181886 -11.18738631320 1.134575e-01    4.090038e+07    3.945396e-15
159.70491860987 -11.26341380385 1.268251e-02    4.090038e+07    3.197789e-13
159.56187361036 -11.18491941483 1.167577e-01    4.090038e+07    3.723973e-15
159.63444583686 -11.22474123291 6.373039e-02    4.090038e+07    1.258271e-14
159.47040518058 -11.13472792753 1.842537e-01    4.090038e+07    1.482803e-15
159.41014292681 -11.10166595209 2.291322e-01    4.090038e+07    9.534980e-16
159.72224502849 -11.27292227772 1.965266e-04    4.090038e+07    1.333836e-09
159.42113491609 -11.10769716503 2.209217e-01    4.090038e+07    1.026735e-15
159.22505472231 -11.00011720227 3.690446e-01    4.090038e+07    3.612691e-16
159.71847075410 -11.27085125073 2.913605e-03    4.090038e+07    6.066452e-12
159.72244713036 -11.27303315674 5.111385e-05    4.090038e+07    1.971860e-08
159.49366245021 -11.14749390258 1.670182e-01    4.090038e+07    1.808513e-15
159.60740191143 -11.20990556188 8.343564e-02    4.090038e+07    7.322996e-15
159.71610719696 -11.26955351626 4.616768e-03    4.090038e+07    2.415609e-12
159.51198222436 -11.15754046168 1.534783e-01    4.090038e+07    2.145305e-15
159.70940395674 -11.26587624638 9.447395e-03    4.090038e+07    5.765190e-13
159.53111462895 -11.16803819995 1.393699e-01    4.090038e+07    2.606216e-15
159.64308744578 -11.22948537601 5.744734e-02    4.090038e+07    1.549782e-14
159.70763790054 -11.26490708347 1.072085e-02    4.090038e+07    4.476202e-13
159.70252093536 -11.26209909451 1.441065e-02    4.090038e+07    2.476272e-13
159.53485325577 -11.17009632249 1.366151e-01    4.090038e+07    2.713319e-15
159.19690210530 -10.98467429363 3.906070e-01    4.090038e+07    3.216320e-16
159.25177537426 -11.01477679688 3.486536e-01    4.090038e+07    4.057783e-16
159.71962971362 -11.27148716957 2.079124e-03    4.090038e+07    1.191465e-11
159.37851560487 -11.08430829462 2.528167e-01    4.090038e+07    7.809168e-16
159.66342265234 -11.24064553716 4.268778e-02    4.090038e+07    2.811966e-14
159.21395820380 -10.99402553408 3.775361e-01    4.090038e+07    3.448408e-16
159.22301990828 -10.99900568459 3.706031e-01    4.090038e+07    3.581685e-16
159.23572478838 -11.00597602884 3.608942e-01    4.090038e+07    3.781497e-16
159.64578656014 -11.23096701495 5.548615e-02    4.090038e+07    1.661684e-14
159.38037826113 -11.08533108158 2.514179e-01    4.090038e+07    7.897673e-16
159.55197386826 -11.17948558369 1.240237e-01    4.090038e+07    3.297409e-15
159.46040941094 -11.12924979969 1.916709e-01    4.090038e+07    1.368997e-15
159.69282161172 -11.25677677379 2.141340e-02    4.090038e+07    1.120496e-13
159.71969135727 -11.27152106071 2.035175e-03    4.090038e+07    1.243486e-11
159.46893024472 -11.13392093165 1.853478e-01    4.090038e+07    1.465150e-15
159.19122741147 -10.98156177761 3.949655e-01    4.090038e+07    3.144046e-16
159.68408277690 -11.25198181499 2.772900e-02    4.090038e+07    6.676789e-14
159.42797447814 -11.11144461930 2.158160e-01    4.090038e+07    1.076573e-15
159.42181613003 -11.10806791216 2.204097e-01    4.090038e+07    1.031576e-15
159.55617994655 -11.18179834025 1.209354e-01    4.090038e+07    3.469312e-15
159.28838442002 -11.03486066029 3.208149e-01    4.090038e+07    4.809026e-16
159.32327307499 -11.05400050927 2.944059e-01    4.090038e+07    5.729126e-16
159.69381360556 -11.25732092610 2.069638e-02    4.090038e+07    1.199588e-13
159.71112522371 -11.26682124366 8.206007e-03    4.090038e+07    7.642616e-13
159.67357841833 -11.24621455557 3.533111e-02    4.090038e+07    4.108708e-14
159.69567098915 -11.25833941920 1.935537e-02    4.090038e+07    1.371803e-13
159.72150872995 -11.27251811036 7.267306e-04    4.090038e+07    9.753696e-11
159.60659780223 -11.20946008243 8.402271e-02    4.090038e+07    7.220489e-15
159.65435513576 -11.23566707389 4.926466e-02    4.090038e+07    2.109534e-14
159.72251684116 -11.27307144373 9.521730e-07    4.090038e+07    5.682301e-05
159.66867942636 -11.24352797927 3.887850e-02    4.090038e+07    3.391615e-14
159.67569362834 -11.24737596026 3.380062e-02    4.090038e+07    4.490082e-14
159.67743692059 -11.24833482444 3.253775e-02    4.090038e+07    4.846159e-14
159.33133267532 -11.05842124479 2.883197e-01    4.090038e+07    5.978050e-16
159.70112576231 -11.26133308695 1.541803e-02    4.090038e+07    2.162979e-13
159.71896961395 -11.27112447193 2.555135e-03    4.090038e+07    7.888385e-12
159.54486418056 -11.17558988249 1.292489e-01    4.090038e+07    3.034204e-15
159.71394417786 -11.26836673707 6.174600e-03    4.090038e+07    1.350205e-12
159.49301283379 -11.14713865634 1.674968e-01    4.090038e+07    1.798086e-15
159.71648526754 -11.26976154973 4.344402e-03    4.090038e+07    2.728084e-12
159.71353216401 -11.26814060820 6.471357e-03    4.090038e+07    1.229165e-12
159.51386975790 -11.15857567465 1.520866e-01    4.090038e+07    2.185129e-15
159.60235076857 -11.20713093722 8.712473e-02    4.090038e+07    6.712866e-15
159.68629526261 -11.25319359163 2.612983e-02    4.090038e+07    7.520564e-14
159.37960982584 -11.08490836053 2.519972e-01    4.090038e+07    7.860841e-16
159.26636783008 -11.02278209776 3.375377e-01    4.090038e+07    4.335375e-16
159.70126295028 -11.26140699819 1.531979e-02    4.090038e+07    2.190839e-13
159.54991093332 -11.17835650758 1.255385e-01    4.090038e+07    3.217702e-15
159.57487318083 -11.19205485378 1.072245e-01    4.090038e+07    4.420869e-15
159.30327239207 -11.04302880548 3.095333e-01    4.090038e+07    5.173157e-16
159.30755201749 -11.04537702822 3.062908e-01    4.090038e+07    5.285381e-16
159.70605048702 -11.26403453321 1.186595e-02    4.090038e+07    3.653424e-13
159.24664040183 -11.01195637907 3.525641e-01    4.090038e+07    3.966360e-16
159.65715465261 -11.23720239055 4.723404e-02    4.090038e+07    2.295401e-14
159.71925551051 -11.27128123837 2.349011e-03    4.090038e+07    9.333769e-12
159.72146553002 -11.27249455944 7.577466e-04    4.090038e+07    8.971530e-11
159.71198219544 -11.26729016313 7.589235e-03    4.090038e+07    8.936010e-13
159.67292117860 -11.24585504106 3.580735e-02    4.090038e+07    3.999902e-14
159.47699719132 -11.13834274569 1.793628e-01    4.090038e+07    1.565728e-15
159.71267399288 -11.26767062335 7.090164e-03    4.090038e+07    1.023893e-12
159.71833562120 -11.27077657162 3.011584e-03    4.090038e+07    5.678072e-12
159.53988909043 -11.17285830176 1.329077e-01    4.090038e+07    2.868134e-15
159.40038807989 -11.09630782488 2.364271e-01    4.090038e+07    8.947556e-16
159.67714991927 -11.24817557160 3.274548e-02    4.090038e+07    4.784744e-14
159.71262734238 -11.26764447564 7.123328e-03    4.090038e+07    1.014377e-12
159.20992281577 -10.99182315048 3.806245e-01    4.090038e+07    3.391388e-16
159.70094666580 -11.26123479373 1.554797e-02    4.090038e+07    2.126942e-13
159.71916699424 -11.27123306367 2.412965e-03    4.090038e+07    8.845483e-12
159.69726334214 -11.25921376150 1.820665e-02    4.090038e+07    1.550592e-13
159.47712187736 -11.13841509796 1.792686e-01    4.090038e+07    1.567391e-15
159.44728827832 -11.12204374321 2.014280e-01    4.090038e+07    1.238078e-15
159.62047277348 -11.21707609983 7.390370e-02    4.090038e+07    9.345005e-15
159.25133734268 -11.01453295390 3.489880e-01    4.090038e+07    4.049846e-16
159.44697787728 -11.12187752695 2.016562e-01    4.090038e+07    1.235242e-15
159.45457446500 -11.12604236365 1.960117e-01    4.090038e+07    1.308327e-15
159.61637308884 -11.21482440095 7.689215e-02    4.090038e+07    8.629485e-15
159.68217413145 -11.25093435832 2.910945e-02    4.090038e+07    6.057484e-14
159.33937646170 -11.06283449245 2.822533e-01    4.090038e+07    6.242460e-16
159.72039347509 -11.27190622986 1.529595e-03    4.090038e+07    2.201502e-11
159.71933818909 -11.27132666283 2.289598e-03    4.090038e+07    9.824533e-12
159.69904376842 -11.26019108380 1.692138e-02    4.090038e+07    1.795381e-13
159.48055960097 -11.14030355402 1.767198e-01    4.090038e+07    1.613442e-15
159.43320907222 -11.11431723982 2.119132e-01    4.090038e+07    1.117134e-15
159.71842534790 -11.27082611901 2.946670e-03    4.090038e+07    5.931047e-12
159.52185663090 -11.16296517774 1.461906e-01    4.090038e+07    2.366679e-15
159.69738947988 -11.25928171237 1.811497e-02    4.090038e+07    1.566344e-13
159.50293421874 -11.15258173628 1.601603e-01    4.090038e+07    1.968390e-15
159.69108065866 -11.25582084185 2.267081e-02    4.090038e+07    9.994915e-14
159.58004259294 -11.19489194781 1.034355e-01    4.090038e+07    4.752946e-15
159.67061556870 -11.24458931659 3.747764e-02    4.090038e+07    3.650545e-14
159.42928037543 -11.11216540086 2.148391e-01    4.090038e+07    1.086518e-15
159.71867642087 -11.27096391626 2.766238e-03    4.090038e+07    6.730158e-12
159.44660313653 -11.12166839979 2.019404e-01    4.090038e+07    1.231724e-15
159.20018678325 -10.98647767793 3.880862e-01    4.090038e+07    3.259245e-16
159.71394279316 -11.26836599865 6.175728e-03    4.090038e+07    1.349711e-12
159.62071377421 -11.21720985357 7.372862e-02    4.090038e+07    9.389646e-15
159.58376712507 -11.19693116804 1.007098e-01    4.090038e+07    5.015422e-15
159.51166687827 -11.15737277878 1.537113e-01    4.090038e+07    2.138744e-15
159.52862666646 -11.16667604689 1.412047e-01    4.090038e+07    2.538347e-15
159.60112710078 -11.20646048286 8.801602e-02    4.090038e+07    6.576864e-15
159.28917247397 -11.03529692188 3.202141e-01    4.090038e+07    4.827445e-16
159.58081947182 -11.19531273595 1.028691e-01    4.090038e+07    4.805775e-15
159.72249029161 -11.27305680898 2.000315e-05    4.090038e+07    1.287532e-07
159.59286458779 -11.20192409895 9.405441e-02    4.090038e+07    5.755127e-15
159.65398055099 -11.23546324594 4.953572e-02    4.090038e+07    2.086440e-14
159.29098695120 -11.03629209680 3.188433e-01    4.090038e+07    4.869866e-16
159.67068193460 -11.24462730292 3.742948e-02    4.090038e+07    3.659969e-14
159.34304585809 -11.06485350241 2.794834e-01    4.090038e+07    6.368991e-16
159.67672631883 -11.24794286598 3.305224e-02    4.090038e+07    4.696158e-14
159.43415107089 -11.11483523938 2.112140e-01    4.090038e+07    1.124640e-15
159.30059170717 -11.04156042280 3.115587e-01    4.090038e+07    5.104839e-16
159.47738383648 -11.13855810139 1.790750e-01    4.090038e+07    1.570820e-15
159.46259770477 -11.13044423530 1.900501e-01    4.090038e+07    1.392728e-15
159.49079473012 -11.14592070012 1.691386e-01    4.090038e+07    1.762987e-15
159.28561647819 -11.03334132129 3.229181e-01    4.090038e+07    4.745354e-16
159.71799184591 -11.27058823713 3.258667e-03    4.090038e+07    4.849504e-12
159.37492381882 -11.08233652887 2.555105e-01    4.090038e+07    7.642823e-16
159.32068256382 -11.05258124322 2.963593e-01    4.090038e+07    5.652487e-16
159.62832150460 -11.22138258964 6.818828e-02    4.090038e+07    1.098511e-14
159.69778955708 -11.25950218724 1.782696e-02    4.090038e+07    1.617424e-13
159.65543174020 -11.23625779803 4.848560e-02    4.090038e+07    2.178085e-14
159.59483669170 -11.20300560936 9.261605e-02    4.090038e+07    5.936344e-15
159.38205931498 -11.08625417854 2.501553e-01    4.090038e+07    7.978849e-16
159.23826362598 -11.00736281360 3.589551e-01    4.090038e+07    3.823373e-16
159.55604347331 -11.18171884919 1.210361e-01    4.090038e+07    3.463499e-15
159.71833081500 -11.27077489685 3.014850e-03    4.090038e+07    5.665774e-12
159.71665967350 -11.26985732641 4.218085e-03    4.090038e+07    2.893969e-12
159.71787444431 -11.27052347998 3.343955e-03    4.090038e+07    4.605233e-12
159.71905921999 -11.27117453359 2.490080e-03    4.090038e+07    8.306017e-12
159.38663493851 -11.08876294699 2.467258e-01    4.090038e+07    8.205691e-16
159.50424554432 -11.15330178641 1.591918e-01    4.090038e+07    1.992654e-15
159.71409112872 -11.26844762012 6.068835e-03    4.090038e+07    1.397695e-12
159.29945252088 -11.04093176959 3.124266e-01    4.090038e+07    5.075973e-16
159.68726818726 -11.25372940067 2.542590e-02    4.090038e+07    7.943453e-14
159.70844561229 -11.26534897997 1.013836e-02    4.090038e+07    5.005692e-13
159.68294821864 -11.25135813031 2.855149e-02    4.090038e+07    6.296996e-14
159.70420204987 -11.26302133975 1.319786e-02    4.090038e+07    2.952741e-13
159.61158567007 -11.21219647331 8.038489e-02    4.090038e+07    7.892406e-15
159.33633308414 -11.06116616175 2.845511e-01    4.090038e+07    6.140305e-16
159.58001621956 -11.19487224773 1.034583e-01    4.090038e+07    4.750842e-15
159.21605939271 -10.99517707430 3.759297e-01    4.090038e+07    3.478629e-16
159.34092472861 -11.06368655888 2.810888e-01    4.090038e+07    6.295195e-16
159.43978242774 -11.11792690661 2.070186e-01    4.090038e+07    1.171296e-15
159.71792892735 -11.27055318139 3.304545e-03    4.090038e+07    4.715757e-12
159.70642693843 -11.26424120321 1.159368e-02    4.090038e+07    3.827166e-13
159.57637999834 -11.19287762662 1.061190e-01    4.090038e+07    4.514087e-15
159.62986105361 -11.22222808880 6.706569e-02    4.090038e+07    1.135754e-14
159.67705813330 -11.24812407256 3.281246e-02    4.090038e+07    4.765189e-14
159.70014583155 -11.26079638185 1.612499e-02    4.090038e+07    1.977300e-13
159.45147105237 -11.12434078577 1.983184e-01    4.090038e+07    1.277702e-15
159.43460173652 -11.11508150488 2.108758e-01    4.090038e+07    1.128298e-15
159.48872272423 -11.14478283957 1.706762e-01    4.090038e+07    1.731032e-15
159.66649484217 -11.24232943308 4.046149e-02    4.090038e+07    3.130801e-14
159.36043552774 -11.07439433859 2.663977e-01    4.090038e+07    7.021420e-16
159.72128918037 -11.27239787000 8.844163e-04    4.090038e+07    6.585580e-11
159.69816103591 -11.25970571488 1.755748e-02    4.090038e+07    1.667511e-13
159.45765929682 -11.12773681140 1.937172e-01    4.090038e+07    1.339885e-15
159.45297857986 -11.12517064049 1.971968e-01    4.090038e+07    1.292458e-15
159.72251658525 -11.27307133532 1.070086e-06    4.090038e+07    4.499029e-05
159.68360036642 -11.25171657739 2.807835e-02    4.090038e+07    6.511388e-14
159.71897130129 -11.27112543413 2.553485e-03    4.090038e+07    7.898583e-12
159.39224450866 -11.09184640651 2.425205e-01    4.090038e+07    8.497162e-16
159.57512056200 -11.19218974034 1.070433e-01    4.090038e+07    4.435951e-15
159.67017228111 -11.24434554271 3.779856e-02    4.090038e+07    3.588676e-14
159.37007598223 -11.07967825141 2.591538e-01    4.090038e+07    7.426091e-16
159.36303862427 -11.07582200432 2.644355e-01    4.090038e+07    7.127739e-16
159.65282448443 -11.23482745199 5.037551e-02    4.090038e+07    2.017242e-14
159.71859462933 -11.27091854188 2.825023e-03    4.090038e+07    6.452930e-12
159.69256120974 -11.25663379745 2.160258e-02    4.090038e+07    1.100931e-13
159.69584252907 -11.25843245640 1.923254e-02    4.090038e+07    1.389402e-13
159.63260179889 -11.22373237240 6.507267e-02    4.090038e+07    1.206693e-14
159.55328494763 -11.18020707035 1.230598e-01    4.090038e+07    3.349670e-15
159.69180128902 -11.25621592384 2.215190e-02    4.090038e+07    1.046934e-13
159.42906406666 -11.11204302248 2.150066e-01    4.090038e+07    1.084802e-15
159.58959343701 -11.20013327538 9.644713e-02    4.090038e+07    5.471472e-15
159.39096082942 -11.09113947778 2.434816e-01    4.090038e+07    8.429202e-16
159.51120385181 -11.15711634046 1.540551e-01    4.090038e+07    2.129119e-15
159.44088171900 -11.11853073761 2.061953e-01    4.090038e+07    1.180790e-15
159.70754172171 -11.26485460261 1.078934e-02    4.090038e+07    4.419517e-13
159.62111148592 -11.21742567608 7.343995e-02    4.090038e+07    9.463951e-15
159.36765965556 -11.07835235649 2.609644e-01    4.090038e+07    7.321757e-16
159.51902850717 -11.16140788719 1.482772e-01    4.090038e+07    2.299941e-15
159.23661370452 -11.00645813506 3.602123e-01    4.090038e+07    3.796146e-16
159.26176668687 -11.02026135381 3.410433e-01    4.090038e+07    4.244874e-16
159.46401811538 -11.13122156862 1.889921e-01    4.090038e+07    1.408551e-15
159.66362194279 -11.24075319554 4.254490e-02    4.090038e+07    2.830936e-14
159.60018329109 -11.20594417626 8.870655e-02    4.090038e+07    6.474307e-15
159.66238094993 -11.24007105101 4.344502e-02    4.090038e+07    2.714538e-14
159.51540443571 -11.15942488360 1.509508e-01    4.090038e+07    2.218450e-15
159.21674294799 -10.99555901124 3.754002e-01    4.090038e+07    3.488676e-16
159.71694523565 -11.27001330748 4.012984e-03    4.090038e+07    3.197430e-12
159.58019647935 -11.19497097669 1.033254e-01    4.090038e+07    4.763146e-15
159.62619769632 -11.22021680425 6.973512e-02    4.090038e+07    1.050114e-14
159.36772420639 -11.07839500792 2.609157e-01    4.090038e+07    7.324534e-16
159.25765422504 -11.01800196788 3.441760e-01    4.090038e+07    4.166345e-16
159.43540697389 -11.11552476370 2.102742e-01    4.090038e+07    1.134848e-15
159.71042024905 -11.26643392086 8.713924e-03    4.090038e+07    6.777203e-13
159.72203050804 -11.27280454857 3.508013e-04    4.090038e+07    4.186147e-10
159.66819980891 -11.24326361122 3.922745e-02    4.090038e+07    3.331397e-14
159.64165864235 -11.22870307678 5.848526e-02    4.090038e+07    1.495068e-14
159.70464130510 -11.26326201054 1.288133e-02    4.090038e+07    3.099759e-13
159.68915701919 -11.25476490781 2.406131e-02    4.090038e+07    8.871529e-14
159.52606249612 -11.16526842775 1.430923e-01    4.090038e+07    2.471236e-15
159.58265999119 -11.19632397645 1.015201e-01    4.090038e+07    4.935177e-15
159.43956745973 -11.11780588242 2.071750e-01    4.090038e+07    1.169506e-15
159.69481109531 -11.25786642040 1.997711e-02    4.090038e+07    1.287642e-13
159.64643290811 -11.23131991684 5.501704e-02    4.090038e+07    1.690242e-14
159.72192379087 -11.27274584251 4.279197e-04    4.090038e+07    2.813248e-10
159.59313656092 -11.20207306023 9.385762e-02    4.090038e+07    5.779429e-15
159.40398644308 -11.09828284225 2.337342e-01    4.090038e+07    9.157978e-16
159.60856779561 -11.21054147219 8.258644e-02    4.090038e+07    7.475165e-15
159.59411536740 -11.20261437484 9.314161e-02    4.090038e+07    5.869154e-15
159.67303917401 -11.24592236095 3.572082e-02    4.090038e+07    4.019349e-14
159.63345038410 -11.22419889505 6.445423e-02    4.090038e+07    1.230056e-14
159.26798734894 -11.02367501632 3.363050e-01    4.090038e+07    4.367878e-16
159.42293211062 -11.10868016945 2.195773e-01    4.090038e+07    1.039520e-15
159.62549505653 -11.21983130436 7.024588e-02    4.090038e+07    1.034832e-14
159.43575086058 -11.11571816317 2.100180e-01    4.090038e+07    1.137655e-15
159.69064936172 -11.25558375780 2.298332e-02    4.090038e+07    9.724569e-14
159.70426670448 -11.26305659428 1.315249e-02    4.090038e+07    2.973161e-13
159.71713353088 -11.27011676648 3.877541e-03    4.090038e+07    3.424762e-12
159.65256785399 -11.23468462618 5.056273e-02    4.090038e+07    2.002284e-14
159.71917430268 -11.27123707148 2.407538e-03    4.090038e+07    8.885414e-12
159.34794558123 -11.06753814612 2.757938e-01    4.090038e+07    6.543527e-16
159.52767856690 -11.16615336831 1.419012e-01    4.090038e+07    2.513269e-15
159.57913547252 -11.19439238011 1.041026e-01    4.090038e+07    4.691838e-15
159.37952264506 -11.08486491554 2.520576e-01    4.090038e+07    7.857016e-16
159.60865661730 -11.21059113176 8.251936e-02    4.090038e+07    7.487387e-15
159.57967028508 -11.19468196693 1.037113e-01    4.090038e+07    4.727537e-15
159.68171281108 -11.25067829315 2.944462e-02    4.090038e+07    5.920116e-14
159.45984046403 -11.12893258377 1.920954e-01    4.090038e+07    1.362881e-15
159.50254138593 -11.15236691554 1.604522e-01    4.090038e+07    1.961162e-15
159.65904424356 -11.23824133151 4.586406e-02    4.090038e+07    2.434998e-14
159.71223157995 -11.26742648946 7.409355e-03    4.090038e+07    9.375376e-13
159.72243632136 -11.27302723144 5.889178e-05    4.090038e+07    1.485400e-08
159.26203368958 -11.02040648569 3.408346e-01    4.090038e+07    4.250183e-16
159.33964821270 -11.06298233303 2.820475e-01    4.090038e+07    6.251733e-16
159.43166904605 -11.11347665699 2.130637e-01    4.090038e+07    1.104944e-15
159.63662995936 -11.22594275471 6.214316e-02    4.090038e+07    1.323632e-14
159.32346198608 -11.05411051354 2.942629e-01    4.090038e+07    5.734797e-16
159.66330547206 -11.24057846344 4.277367e-02    4.090038e+07    2.800654e-14
159.64128260674 -11.22849426689 5.876097e-02    4.090038e+07    1.481020e-14
159.22022843863 -10.99747333069 3.727336e-01    4.090038e+07    3.539931e-16
159.33113663538 -11.05831925554 2.884688e-01    4.090038e+07    5.971764e-16
159.66266580895 -11.24023017477 4.323672e-02    4.090038e+07    2.740828e-14
159.34647461241 -11.06673108752 2.769018e-01    4.090038e+07    6.490372e-16
159.28805710070 -11.03468017213 3.210624e-01    4.090038e+07    4.801467e-16
159.70419685141 -11.26301692815 1.320273e-02    4.090038e+07    2.950561e-13
159.44710204245 -11.12193910981 2.015686e-01    4.090038e+07    1.236330e-15
159.50653618230 -11.15455401929 1.574985e-01    4.090038e+07    2.036161e-15
159.31494862463 -11.04943813076 3.006957e-01    4.090038e+07    5.487695e-16
159.65169669502 -11.23420796080 5.119651e-02    4.090038e+07    1.952861e-14
159.37899317662 -11.08457512989 2.524534e-01    4.090038e+07    7.832016e-16
159.52522306942 -11.16480984352 1.437130e-01    4.090038e+07    2.449743e-15
159.71226589498 -11.26744696940 7.383749e-03    4.090038e+07    9.440544e-13
159.23244474145 -11.00417420613 3.634017e-01    4.090038e+07    3.728342e-16
159.48154416712 -11.14084524358 1.759890e-01    4.090038e+07    1.627018e-15
159.32032605663 -11.05238222423 2.966323e-01    4.090038e+07    5.641899e-16
159.71801241324 -11.27059946817 3.243848e-03    4.090038e+07    4.893922e-12
159.69315209295 -11.25695644221 2.117609e-02    4.090038e+07    1.145785e-13
159.60679309676 -11.20956865884 8.388162e-02    4.090038e+07    7.244927e-15
159.22491881924 -11.00003839675 3.691531e-01    4.090038e+07    3.610520e-16
159.70512535884 -11.26352886390 1.253237e-02    4.090038e+07    3.274929e-13
159.72249216073 -11.27305783094 1.857691e-05    4.090038e+07    1.492823e-07
159.19690459419 -10.98467975528 3.906064e-01    4.090038e+07    3.216330e-16
159.31103214273 -11.04729009339 3.036573e-01    4.090038e+07    5.379203e-16
159.58661713737 -11.19849734201 9.862480e-02    4.090038e+07    5.231088e-15
159.53139520662 -11.16819184840 1.391641e-01    4.090038e+07    2.614001e-15
159.50228577609 -11.15222355168 1.606403e-01    4.090038e+07    1.956526e-15
159.47395448583 -11.13667470862 1.816191e-01    4.090038e+07    1.526637e-15
159.52034285143 -11.16212724271 1.473106e-01    4.090038e+07    2.330504e-15
159.43632720385 -11.11602888199 2.095893e-01    4.090038e+07    1.142375e-15
159.61048448729 -11.21159444475 8.118759e-02    4.090038e+07    7.736336e-15
159.71991678417 -11.27164501292 1.872626e-03    4.090038e+07    1.468761e-11
159.72219596083 -11.27289553722 2.316618e-04    4.090038e+07    9.599188e-10
159.71984705969 -11.27160657375 1.922842e-03    4.090038e+07    1.393039e-11
159.20030632068 -10.98653917699 3.879963e-01    4.090038e+07    3.260792e-16
159.55987423951 -11.18382553327 1.182234e-01    4.090038e+07    3.631539e-15
159.68697244185 -11.25356644475 2.564092e-02    4.090038e+07    7.810580e-14
159.45393554320 -11.12569663275 1.964841e-01    4.090038e+07    1.301966e-15
159.54155581859 -11.17376749607 1.316841e-01    4.090038e+07    2.922128e-15
159.50296905431 -11.15259551606 1.601358e-01    4.090038e+07    1.968998e-15
159.26840766106 -11.02389848016 3.359907e-01    4.090038e+07    4.376223e-16
159.70757461927 -11.26487212271 1.076669e-02    4.090038e+07    4.438141e-13
159.70722634001 -11.26468019382 1.101697e-02    4.090038e+07    4.238649e-13
159.65721645778 -11.23723976720 4.718814e-02    4.090038e+07    2.299881e-14
159.34813876924 -11.06764325642 2.756475e-01    4.090038e+07    6.550592e-16
159.49884566055 -11.15033668956 1.631826e-01    4.090038e+07    1.895438e-15
159.71988722367 -11.27162852107 1.893700e-03    4.090038e+07    1.436249e-11
159.70303599294 -11.26238008160 1.404040e-02    4.090038e+07    2.608715e-13
159.70906846253 -11.26569103450 9.688625e-03    4.090038e+07    5.481510e-13
159.48966140582 -11.14529301950 1.699814e-01    4.090038e+07    1.745363e-15
159.65093296757 -11.23379213900 5.174857e-02    4.090038e+07    1.911284e-14
159.72187659101 -11.27271991061 4.617878e-04    4.090038e+07    2.415715e-10
159.68326772291 -11.25153450756 2.831830e-02    4.090038e+07    6.401316e-14
159.57435760936 -11.19177006013 1.075999e-01    4.090038e+07    4.389870e-15
159.68880251738 -11.25456995434 2.431897e-02    4.090038e+07    8.684253e-14
159.52102517655 -11.16250432974 1.468045e-01    4.090038e+07    2.346750e-15
159.70864125737 -11.26545609055 9.997343e-03    4.090038e+07    5.147998e-13
159.72172188003 -11.27263501477 5.731973e-04    4.090038e+07    1.567892e-10
159.29035963092 -11.03594959390 3.193156e-01    4.090038e+07    4.855191e-16
159.72040274371 -11.27191128960 1.522694e-03    4.090038e+07    2.221506e-11
159.19209876029 -10.98204015532 3.942948e-01    4.090038e+07    3.155010e-16
159.50598901648 -11.15425676898 1.579051e-01    4.090038e+07    2.025585e-15
159.56383252275 -11.18599526502 1.153163e-01    4.090038e+07    3.818338e-15
159.37527996566 -11.08254046680 2.552431e-01    4.090038e+07    7.659097e-16
159.70309057169 -11.26241072945 1.400119e-02    4.090038e+07    2.623362e-13
159.71602860212 -11.26951148322 4.672845e-03    4.090038e+07    2.357963e-12
159.49746387899 -11.14957785657 1.642064e-01    4.090038e+07    1.871636e-15
159.67974321800 -11.24959975977 3.086898e-02    4.090038e+07    5.385418e-14
159.41530846872 -11.10449934254 2.252672e-01    4.090038e+07    9.869716e-16
159.67781865966 -11.24854300264 3.226208e-02    4.090038e+07    4.929503e-14
159.54531222400 -11.17583498000 1.289190e-01    4.090038e+07    3.049877e-15
159.36664871072 -11.07779980204 2.617244e-01    4.090038e+07    7.278613e-16
159.63212010124 -11.22346725652 6.542203e-02    4.090038e+07    1.193787e-14
159.64909983450 -11.23278577433 5.307990e-02    4.090038e+07    1.816306e-14
159.28033075288 -11.03043888272 3.269282e-01    4.090038e+07    4.627371e-16
159.28341577106 -11.03213245623 3.245874e-01    4.090038e+07    4.695707e-16
159.67816674972 -11.24873361006 3.201012e-02    4.090038e+07    5.007568e-14
159.49314549713 -11.14720505347 1.673999e-01    4.090038e+07    1.800190e-15
159.65393556419 -11.23543642748 4.956917e-02    4.090038e+07    2.083616e-14
159.66144654854 -11.23955711261 4.412261e-02    4.090038e+07    2.631579e-14
159.63937198192 -11.22744450070 6.015043e-02    4.090038e+07    1.413140e-14
159.56471051881 -11.18647538914 1.146726e-01    4.090038e+07    3.861635e-15
159.26480768793 -11.02192418538 3.387302e-01    4.090038e+07    4.304271e-16
159.66218725612 -11.23996327292 4.358487e-02    4.090038e+07    2.697098e-14
159.69031696156 -11.25540027205 2.322400e-02    4.090038e+07    9.523763e-14
159.36921056015 -11.07921011316 2.597997e-01    4.090038e+07    7.388621e-16
159.19263121119 -10.98232513351 3.938845e-01    4.090038e+07    3.161745e-16
159.51761806587 -11.16063530937 1.493216e-01    4.090038e+07    2.267585e-15
159.72209759054 -11.27284123976 3.027168e-04    4.090038e+07    5.621682e-10
159.42972319946 -11.11240530212 2.145128e-01    4.090038e+07    1.089870e-15
159.72005179351 -11.27171890271 1.775472e-03    4.090038e+07    1.633920e-11
159.39613067312 -11.09397959254 2.396102e-01    4.090038e+07    8.707965e-16
159.69209269689 -11.25637587800 2.193983e-02    4.090038e+07    1.067300e-13
159.67821521178 -11.24876015083 3.197466e-02    4.090038e+07    5.018706e-14
159.68652694344 -11.25332128288 2.596312e-02    4.090038e+07    7.617611e-14
159.70646740722 -11.26426324096 1.156511e-02    4.090038e+07    3.846116e-13
159.50810600669 -11.15541438160 1.563433e-01    4.090038e+07    2.066662e-15
159.49164400095 -11.14638009748 1.685149e-01    4.090038e+07    1.776199e-15
159.41563475340 -11.10467926324 2.250246e-01    4.090038e+07    9.891309e-16
159.32548722335 -11.05522257872 2.927312e-01    4.090038e+07    5.796068e-16
159.57799036154 -11.19376147030 1.049421e-01    4.090038e+07    4.616584e-15
159.69218993900 -11.25643101118 2.186990e-02    4.090038e+07    1.074146e-13
159.69711739289 -11.25913452906 1.831109e-02    4.090038e+07    1.532934e-13
159.48318381580 -11.14174371772 1.747743e-01    4.090038e+07    1.649963e-15
159.67301524556 -11.24590629808 3.573951e-02    4.090038e+07    4.015136e-14
159.57986650290 -11.19479243256 1.035680e-01    4.090038e+07    4.740712e-15
159.50783240100 -11.15526587893 1.565411e-01    4.090038e+07    2.061389e-15
159.40964626631 -11.10139070587 2.294995e-01    4.090038e+07    9.504055e-16
159.41594794835 -11.10485393470 2.247892e-01    4.090038e+07    9.912322e-16
159.67566126378 -11.24735890730 3.382289e-02    4.090038e+07    4.484157e-14
159.58521724845 -11.19773191851 9.964728e-02    4.090038e+07    5.123629e-15
159.50338123940 -11.15282791999 1.598301e-01    4.090038e+07    1.976613e-15
159.69422222188 -11.25754462336 2.040169e-02    4.090038e+07    1.234539e-13
159.68754112266 -11.25387917116 2.522898e-02    4.090038e+07    8.068141e-14
159.72250122287 -11.27306291209 1.201503e-05    4.090038e+07    3.568666e-07
159.26151487989 -11.02011784079 3.412310e-01    4.090038e+07    4.240109e-16
159.40553635903 -11.09914082684 2.325731e-01    4.090038e+07    9.250978e-16
159.66156933947 -11.23962640411 4.403309e-02    4.090038e+07    2.642319e-14
159.70203501821 -11.26183228726 1.476122e-02    4.090038e+07    2.359945e-13
159.64008828756 -11.22784016485 5.962794e-02    4.090038e+07    1.438108e-14
159.33451810614 -11.06017162434 2.859137e-01    4.090038e+07    6.080895e-16
159.32066592267 -11.05256810539 2.963781e-01    4.090038e+07    5.651757e-16
159.59374196767 -11.20240785781 9.341284e-02    4.090038e+07    5.834921e-15
159.72142511365 -11.27247223951 7.866194e-04    4.090038e+07    8.324987e-11
159.59285236710 -11.20191791445 9.406318e-02    4.090038e+07    5.754047e-15
159.59846857285 -11.20499831217 8.996106e-02    4.090038e+07    6.294007e-15
159.27713977136 -11.02868992255 3.293564e-01    4.090038e+07    4.558025e-16
159.42215193592 -11.10825556745 2.201612e-01    4.090038e+07    1.033938e-15
159.72247879096 -11.27305062118 2.836949e-05    4.090038e+07    6.401054e-08
159.62765355761 -11.22101734817 6.867471e-02    4.090038e+07    1.082938e-14
159.72214064527 -11.27286489453 2.716564e-04    4.090038e+07    6.980738e-10
159.34943090050 -11.06835881737 2.746756e-01    4.090038e+07    6.597821e-16
159.38291049769 -11.08671893410 2.495198e-01    4.090038e+07    8.020171e-16
159.32940718788 -11.05736297717 2.897758e-01    4.090038e+07    5.917056e-16
159.59576557164 -11.20351791674 9.193537e-02    4.090038e+07    6.025089e-15
159.65378761753 -11.23535563526 4.967626e-02    4.090038e+07    2.074614e-14
159.68595648073 -11.25300836079 2.637449e-02    4.090038e+07    7.381453e-14
159.71342661852 -11.26808385664 6.547243e-03    4.090038e+07    1.200825e-12
159.67497544622 -11.24698286534 3.431982e-02    4.090038e+07    4.354971e-14
159.66813160235 -11.24322687068 3.927599e-02    4.090038e+07    3.323147e-14
159.66654368328 -11.24235705389 4.042567e-02    4.090038e+07    3.136365e-14
159.40720276997 -11.10005641910 2.313258e-01    4.090038e+07    9.352457e-16
159.59814188060 -11.20482209703 9.019749e-02    4.090038e+07    6.260867e-15
159.50857332861 -11.15567128191 1.559942e-01    4.090038e+07    2.076012e-15
159.61968315460 -11.21664228609 7.448036e-02    4.090038e+07    9.200193e-15
159.54357195870 -11.17487656767 1.302003e-01    4.090038e+07    2.989665e-15
159.41292361632 -11.10319295564 2.270524e-01    4.090038e+07    9.712972e-16
159.70910970283 -11.26571407719 9.658778e-03    4.090038e+07    5.515461e-13
159.71355227494 -11.26815174116 6.457669e-03    4.090038e+07    1.234384e-12
159.36869045925 -11.07892272791 2.601941e-01    4.090038e+07    7.365876e-16
159.43119308745 -11.11321143758 2.134192e-01    4.090038e+07    1.101218e-15
159.66842544189 -11.24338686465 3.906410e-02    4.090038e+07    3.359386e-14
159.53926247259 -11.17251407652 1.333722e-01    4.090038e+07    2.848024e-15
159.63172919508 -11.22325245334 6.570797e-02    4.090038e+07    1.183377e-14
159.43108073892 -11.11315509875 2.134969e-01    4.090038e+07    1.100405e-15
159.72109547721 -11.27229113233 1.024190e-03    4.090038e+07    4.910649e-11
159.72236555585 -11.27298836307 1.098581e-04    4.090038e+07    4.268600e-09
159.24411722871 -11.01057990431 3.544860e-01    4.090038e+07    3.922539e-16
159.71923150214 -11.27126888883 2.366230e-03    4.090038e+07    9.198396e-12
159.28278254313 -11.03179040347 3.250635e-01    4.090038e+07    4.681687e-16
159.41165180445 -11.10249264132 2.280050e-01    4.090038e+07    9.630842e-16
159.29577376988 -11.03891746918 3.152091e-01    4.090038e+07    4.985044e-16
159.61915785884 -11.21635375911 7.486428e-02    4.090038e+07    9.105633e-15
159.66888796421 -11.24364381656 3.872669e-02    4.090038e+07    3.418324e-14
159.71862639166 -11.27093665244 2.801970e-03    4.090038e+07    6.559568e-12
159.48700785868 -11.14383710396 1.719436e-01    4.090038e+07    1.705338e-15
159.63164048133 -11.22320372509 6.577129e-02    4.090038e+07    1.181090e-14
159.72238402218 -11.27299843551 9.646764e-05    4.090038e+07    5.535889e-09
159.52386734508 -11.16406900366 1.447093e-01    4.090038e+07    2.415828e-15
159.72085950518 -11.27216171218 1.193883e-03    4.090038e+07    3.613821e-11
159.69964241068 -11.26051984415 1.648861e-02    4.090038e+07    1.890967e-13
159.72248281389 -11.27305270744 2.532852e-05    4.090038e+07    8.030360e-08
159.31473754320 -11.04931786166 3.008548e-01    4.090038e+07    5.481784e-16
159.65309980854 -11.23497966118 5.017505e-02    4.090038e+07    2.033444e-14
159.39157812640 -11.09147928364 2.430185e-01    4.090038e+07    8.461847e-16
159.68285534778 -11.25130632634 2.861719e-02    4.090038e+07    6.268062e-14
159.66488746678 -11.24144704009 4.162692e-02    4.090038e+07    2.957513e-14
159.24064563944 -11.00867617993 3.571376e-01    4.090038e+07    3.863252e-16
159.53262127981 -11.16887073345 1.382578e-01    4.090038e+07    2.648680e-15
159.69265370043 -11.25668343301 2.153573e-02    4.090038e+07    1.107786e-13
159.71881900377 -11.27104183343 2.663227e-03    4.090038e+07    7.260951e-12
159.71826448546 -11.27073792667 3.062189e-03    4.090038e+07    5.491919e-12
159.70768245017 -11.26493035873 1.068896e-02    4.090038e+07    4.502963e-13
159.72205175118 -11.27281634038 3.355633e-04    4.090038e+07    4.574975e-10
159.69605362156 -11.25855105059 1.907894e-02    4.090038e+07    1.411891e-13
159.36982691179 -11.07954441849 2.593349e-01    4.090038e+07    7.415556e-16
159.67879416571 -11.24907710186 3.155602e-02    4.090038e+07    5.153021e-14
159.72235358673 -11.27298185947 1.183751e-04    4.090038e+07    3.676448e-09
159.24494173241 -11.01103001639 3.538626e-01    4.090038e+07    3.936676e-16
159.71973151358 -11.27154256580 2.006428e-03    4.090038e+07    1.279377e-11
159.70028808909 -11.26087221312 1.602266e-02    4.090038e+07    2.002664e-13
159.70275037163 -11.26222495745 1.424561e-02    4.090038e+07    2.534036e-13
159.56382281302 -11.18598848384 1.153277e-01    4.090038e+07    3.817579e-15
159.68023399344 -11.24986990016 3.051409e-02    4.090038e+07    5.511664e-14
159.19609650428 -10.98422584088 3.912277e-01    4.090038e+07    3.205879e-16
159.63829543828 -11.22685452134 6.093244e-02    4.090038e+07    1.376965e-14
159.31979600398 -11.05209125344 2.970353e-01    4.090038e+07    5.626319e-16
159.63433251484 -11.22467915599 6.381360e-02    4.090038e+07    1.254978e-14
159.51013615445 -11.15653064518 1.548394e-01    4.090038e+07    2.107398e-15
159.71150389937 -11.26702732882 7.933448e-03    4.090038e+07    8.177053e-13
159.37471899604 -11.08222362525 2.556666e-01    4.090038e+07    7.633344e-16
159.62239176268 -11.21813006256 7.250621e-02    4.090038e+07    9.710414e-15
159.72213790073 -11.27286333661 2.736034e-04    4.090038e+07    6.881737e-10
159.70011995039 -11.26078020755 1.614471e-02    4.090038e+07    1.972468e-13
159.44070535412 -11.11843348214 2.063312e-01    4.090038e+07    1.179215e-15
159.19899282437 -10.98582375257 3.890003e-01    4.090038e+07    3.243583e-16
159.65816410950 -11.23775631683 4.650142e-02    4.090038e+07    2.368516e-14
159.35012321944 -11.06873569325 2.741519e-01    4.090038e+07    6.623483e-16
159.49715361227 -11.14940539712 1.644344e-01    4.090038e+07    1.866396e-15
159.48142159160 -11.14077168778 1.760817e-01    4.090038e+07    1.625287e-15
159.56995374333 -11.18935590622 1.108285e-01    4.090038e+07    4.136159e-15
159.40158024767 -11.09697162449 2.355324e-01    4.090038e+07    9.016660e-16
159.63643573422 -11.22583406266 6.228465e-02    4.090038e+07    1.317602e-14
159.31389306137 -11.04886022944 3.014941e-01    4.090038e+07    5.458129e-16
159.62913442482 -11.22182751899 6.759691e-02    4.090038e+07    1.117899e-14
159.45182839102 -11.12453479820 1.980536e-01    4.090038e+07    1.281162e-15
159.47851581900 -11.13917884664 1.782346e-01    4.090038e+07    1.585834e-15
159.72134631088 -11.27242920287 8.436062e-04    4.090038e+07    7.238193e-11
159.25651309904 -11.01737501892 3.450386e-01    4.090038e+07    4.145099e-16
159.63326751262 -11.22409718082 6.458951e-02    4.090038e+07    1.224888e-14
159.68506009354 -11.25251682927 2.702229e-02    4.090038e+07    7.031216e-14
159.64407216628 -11.23002343641 5.673393e-02    4.090038e+07    1.589145e-14
159.38743506905 -11.08920760981 2.461271e-01    4.090038e+07    8.246271e-16
159.70678149325 -11.26443773708 1.133754e-02    4.090038e+07    4.002175e-13
159.44667635854 -11.12170706400 2.018833e-01    4.090038e+07    1.232430e-15
159.33106434565 -11.05827637642 2.885212e-01    4.090038e+07    5.969553e-16
159.61754755411 -11.21547032604 7.603505e-02    4.090038e+07    8.826081e-15
159.61884492813 -11.21617917356 7.509101e-02    4.090038e+07    9.050473e-15
159.34129728292 -11.06389671780 2.808040e-01    4.090038e+07    6.308195e-16
159.43247677434 -11.11391762650 2.124622e-01    4.090038e+07    1.111292e-15
159.44161723690 -11.11893355582 2.056509e-01    4.090038e+07    1.187130e-15
159.20454913801 -10.98886380225 3.847465e-01    4.090038e+07    3.317432e-16
159.71874773760 -11.27100351138 2.714588e-03    4.090038e+07    6.988743e-12
159.57963114601 -11.19466413444 1.037363e-01    4.090038e+07    4.725246e-15
159.65136219632 -11.23402497974 5.143756e-02    4.090038e+07    1.934542e-14
159.63959728345 -11.22757175084 5.998384e-02    4.090038e+07    1.421030e-14
159.59167749661 -11.20127101037 9.492524e-02    4.090038e+07    5.649401e-15
159.47867645683 -11.13926989963 1.781142e-01    4.090038e+07    1.588002e-15
159.44379410524 -11.12012782342 2.040261e-01    4.090038e+07    1.206356e-15
159.58598422166 -11.19815144596 9.908601e-02    4.090038e+07    5.182204e-15
159.69704381536 -11.25909435386 1.836436e-02    4.090038e+07    1.524043e-13
159.70481735557 -11.26335922792 1.275510e-02    4.090038e+07    3.161467e-13
159.31634733824 -11.05020250768 2.996379e-01    4.090038e+07    5.527230e-16
159.39972270093 -11.09594931870 2.369200e-01    4.090038e+07    8.909820e-16
159.69115086032 -11.25585996705 2.262150e-02    4.090038e+07    1.003859e-13
159.71883508864 -11.27105090566 2.651819e-03    4.090038e+07    7.323568e-12
159.58360810036 -11.19684588035 1.008267e-01    4.090038e+07    5.003722e-15
159.61923404450 -11.21639684125 7.480623e-02    4.090038e+07    9.119839e-15
159.39816475103 -11.09509774609 2.380876e-01    4.090038e+07    8.821371e-16
159.66336594539 -11.24061247849 4.273079e-02    4.090038e+07    2.806293e-14
159.68866515778 -11.25449462463 2.441739e-02    4.090038e+07    8.614276e-14
159.55492032042 -11.18110317316 1.218616e-01    4.090038e+07    3.416380e-15
159.41228263343 -11.10284015988 2.275276e-01    4.090038e+07    9.671873e-16
159.52652623669 -11.16552005461 1.427517e-01    4.090038e+07    2.483149e-15
159.19896942200 -10.98580906780 3.890174e-01    4.090038e+07    3.243291e-16
159.62494930178 -11.21953037797 7.064316e-02    4.090038e+07    1.023174e-14
159.60137208423 -11.20659593441 8.783936e-02    4.090038e+07    6.603491e-15
159.57445758176 -11.19182397533 1.075269e-01    4.090038e+07    4.395873e-15
159.70993710883 -11.26616724300 9.062818e-03    4.090038e+07    6.265162e-13
159.30086577621 -11.04170981897 3.113559e-01    4.090038e+07    5.111620e-16
159.62286160502 -11.21838833627 7.216258e-02    4.090038e+07    9.803537e-15
159.42720663913 -11.11102920506 2.163880e-01    4.090038e+07    1.070813e-15
159.29301165372 -11.03740141539 3.173090e-01    4.090038e+07    4.918008e-16
159.23189231170 -11.00387045363 3.638209e-01    4.090038e+07    3.719565e-16
159.65120221496 -11.23393740352 5.155476e-02    4.090038e+07    1.925727e-14
159.70548419203 -11.26372354061 1.227430e-02    4.090038e+07    3.414202e-13
159.65420254757 -11.23558529182 4.937673e-02    4.090038e+07    2.099940e-14
159.58064049997 -11.19521589896 1.029986e-01    4.090038e+07    4.793618e-15
159.70273083828 -11.26221488299 1.425936e-02    4.090038e+07    2.529146e-13
159.61961711616 -11.21660440169 7.452891e-02    4.090038e+07    9.188154e-15
159.51474824887 -11.15905852269 1.514376e-01    4.090038e+07    2.204076e-15
159.57760462799 -11.19355064371 1.052234e-01    4.090038e+07    4.591771e-15
159.25058531823 -11.01412101657 3.495558e-01    4.090038e+07    4.036415e-16
159.20902396149 -10.99133008821 3.813119e-01    4.090038e+07    3.378888e-16
159.67002337654 -11.24426480659 3.790473e-02    4.090038e+07    3.568553e-14
159.65453860391 -11.23576832749 4.913295e-02    4.090038e+07    2.120894e-14
159.64832395499 -11.23235936894 5.364453e-02    4.090038e+07    1.778145e-14
159.28720661911 -11.03421816929 3.217087e-01    4.090038e+07    4.781814e-16
159.45849467268 -11.12819075326 1.930976e-01    4.090038e+07    1.348603e-15
159.70299322270 -11.26235689642 1.407036e-02    4.090038e+07    2.597610e-13
159.20940218116 -10.99153392585 3.810266e-01    4.090038e+07    3.384068e-16
159.72243867349 -11.27302853625 5.726116e-05    4.090038e+07    1.571204e-08
159.66752262542 -11.24289150322 3.971690e-02    4.090038e+07    3.249595e-14
159.55299406353 -11.18005062517 1.232737e-01    4.090038e+07    3.337968e-15
159.51114212077 -11.15708565734 1.540962e-01    4.090038e+07    2.127973e-15
159.63606257116 -11.22562777607 6.255579e-02    4.090038e+07    1.306160e-14
159.56094770902 -11.18441290176 1.174351e-01    4.090038e+07    3.680822e-15
159.69432580879 -11.25760094363 2.032835e-02    4.090038e+07    1.243475e-13
159.66180378062 -11.23975414939 4.386179e-02    4.090038e+07    2.663056e-14
159.42727248925 -11.11106433813 2.163419e-01    4.090038e+07    1.071274e-15
159.54332389575 -11.17473952946 1.303819e-01    4.090038e+07    2.981278e-15
159.44657842899 -11.12165321822 2.019586e-01    4.090038e+07    1.231499e-15
159.72045067915 -11.27193783684 1.488402e-03    4.090038e+07    2.325058e-11
159.27925225165 -11.02985076893 3.277454e-01    4.090038e+07    4.603859e-16
159.44080273187 -11.11849086276 2.062560e-01    4.090038e+07    1.180086e-15
159.72114400846 -11.27231837531 9.888842e-04    4.090038e+07    5.267576e-11
159.62891467299 -11.22170746707 6.775600e-02    4.090038e+07    1.112633e-14
159.68185766640 -11.25076115233 2.933851e-02    4.090038e+07    5.963095e-14
159.42951073265 -11.11229260011 2.146672e-01    4.090038e+07    1.088281e-15
159.57914458192 -11.19439829677 1.040927e-01    4.090038e+07    4.692731e-15
159.43511964343 -11.11537202991 2.104904e-01    4.090038e+07    1.132488e-15
159.28763255584 -11.03445309275 3.213851e-01    4.090038e+07    4.791639e-16
159.43190903112 -11.11360833555 2.128837e-01    4.090038e+07    1.106837e-15
159.59492491559 -11.20305844075 9.254933e-02    4.090038e+07    5.944955e-15
159.43606792502 -11.11589172229 2.097823e-01    4.090038e+07    1.140246e-15
159.69500102957 -11.25797317088 1.983971e-02    4.090038e+07    1.305562e-13
159.31988735076 -11.05214559335 2.969645e-01    4.090038e+07    5.629050e-16
159.69724876653 -11.25920567392 1.821604e-02    4.090038e+07    1.548993e-13
159.34326850272 -11.06497730790 2.793176e-01    4.090038e+07    6.376685e-16
159.52402693041 -11.16415596141 1.445905e-01    4.090038e+07    2.419834e-15
159.62702726848 -11.22066891122 6.913135e-02    4.090038e+07    1.068618e-14
159.35829455764 -11.07321579154 2.680055e-01    4.090038e+07    6.936045e-16
159.61343235701 -11.21321160608 7.903547e-02    4.090038e+07    8.165595e-15
159.39598398806 -11.09389190597 2.397217e-01    4.090038e+07    8.699750e-16
159.68174206576 -11.25069495454 2.942392e-02    4.090038e+07    5.928464e-14
159.49244268904 -11.14681829350 1.679215e-01    4.090038e+07    1.788906e-15
159.60312605641 -11.20755904829 8.655641e-02    4.090038e+07    6.801792e-15
159.21699603605 -10.99570106495 3.752068e-01    4.090038e+07    3.492356e-16
159.70615670646 -11.26409479124 1.178860e-02    4.090038e+07    3.701564e-13
159.61875680895 -11.21613177542 7.515570e-02    4.090038e+07    9.034825e-15
159.33936615557 -11.06282796651 2.822612e-01    4.090038e+07    6.242104e-16
159.45431813812 -11.12590629914 1.961998e-01    4.090038e+07    1.305789e-15
159.70575999440 -11.26387605422 1.207528e-02    4.090038e+07    3.527762e-13
159.67098488472 -11.24479268015 3.720793e-02    4.090038e+07    3.703788e-14
159.53285239516 -11.16899526472 1.380912e-01    4.090038e+07    2.655131e-15
159.39002249111 -11.09062043130 2.441895e-01    4.090038e+07    8.379666e-16
159.40808911845 -11.10053938749 2.306640e-01    4.090038e+07    9.406971e-16
159.42969692824 -11.11239532453 2.145324e-01    4.090038e+07    1.089668e-15
159.72251367521 -11.27306969864 3.274212e-06    4.090038e+07    4.805540e-06
159.71455794378 -11.26870342914 5.732710e-03    4.090038e+07    1.566468e-12
159.68464032202 -11.25228812581 2.732599e-02    4.090038e+07    6.875530e-14
159.21557893323 -10.99491902279 3.762961e-01    4.090038e+07    3.471702e-16
159.72251043313 -11.27306789084 5.476241e-06    4.090038e+07    1.717871e-06
159.69513267482 -11.25804320965 1.974528e-02    4.090038e+07    1.318095e-13
159.19220593147 -10.98209710967 3.942077e-01    4.090038e+07    3.156439e-16
159.72222514344 -11.27291130454 2.110595e-04    4.090038e+07    1.156471e-09
159.60959888044 -11.21110653646 8.183360e-02    4.090038e+07    7.614054e-15
159.31568827137 -11.04983893575 3.001360e-01    4.090038e+07    5.508560e-16
159.50065197758 -11.15132371283 1.618483e-01    4.090038e+07    1.927139e-15
159.69913798236 -11.26024220416 1.685224e-02    4.090038e+07    1.810157e-13
159.38208726666 -11.08626769568 2.501351e-01    4.090038e+07    7.980154e-16
159.65604511381 -11.23659343767 4.803995e-02    4.090038e+07    2.218807e-14
159.31806520143 -11.05114647196 2.983393e-01    4.090038e+07    5.576344e-16
159.70581281541 -11.26390611914 1.203632e-02    4.090038e+07    3.550652e-13
159.69796807150 -11.25960141024 1.769737e-02    4.090038e+07    1.641225e-13
159.66631408384 -11.24223158306 4.059306e-02    4.090038e+07    3.110485e-14
159.52040396809 -11.16216091888 1.472651e-01    4.090038e+07    2.331957e-15
159.28943667283 -11.03544090250 3.200194e-01    4.090038e+07    4.833438e-16
159.70134915527 -11.26145631384 1.525654e-02    4.090038e+07    2.209058e-13
159.66473067633 -11.24136140132 4.173955e-02    4.090038e+07    2.941533e-14
159.70478345471 -11.26333897324 1.277932e-02    4.090038e+07    3.149486e-13
159.71880003001 -11.27103133369 2.677088e-03    4.090038e+07    7.185942e-12
159.69157416724 -11.25609076975 2.231460e-02    4.090038e+07    1.031702e-13
159.56773359705 -11.18813849872 1.124568e-01    4.090038e+07    4.016431e-15
159.67194358425 -11.24531932554 3.651518e-02    4.090038e+07    3.845989e-14
159.72032067240 -11.27186607392 1.581843e-03    4.090038e+07    2.058460e-11
159.28051987748 -11.03054767722 3.267881e-01    4.090038e+07    4.631418e-16
159.71150043176 -11.26702698118 7.935648e-03    4.090038e+07    8.172518e-13
159.72169508099 -11.27262050060 5.924962e-04    4.090038e+07    1.467413e-10
