#        RA [deg]       Dec [deg]  beta    #n scale factor   tot flux [Jy]
161.54674527724 -12.10272549814 6.242390e-03    4.090080e+07    6.613396e-13
161.54416505620 -12.10157345466 1.789295e-02    4.090080e+07    8.048058e-14
161.49235438252 -12.07826437514 2.526325e-01    4.090080e+07    4.023819e-16
161.53028901641 -12.09532600053 8.065007e-02    4.090080e+07    3.957861e-15
161.52264769026 -12.09188593506 1.152425e-01    4.090080e+07    1.937461e-15
161.52605597462 -12.09341978212 9.980336e-02    4.090080e+07    2.583821e-15
161.54529721128 -12.10207897104 1.279599e-02    4.090080e+07    1.573758e-13
161.53779562484 -12.09870327741 4.667382e-02    4.090080e+07    1.182311e-14
161.54561208356 -12.10222417335 1.134973e-02    4.090080e+07    2.000434e-13
161.53452484007 -12.09723617118 6.146686e-02    4.090080e+07    6.815624e-15
161.54803692000 -12.10331363165 3.989225e-04    4.090080e+07    1.619515e-10
161.54694357975 -12.10282388571 5.328918e-03    4.090080e+07    9.075152e-13
161.54048264865 -12.09991087192 3.453131e-02    4.090080e+07    2.160362e-14
161.51803524893 -12.08981562372 1.361398e-01    4.090080e+07    1.387906e-15
161.54476433711 -12.10184207271 1.517798e-02    4.090080e+07    1.118519e-13
161.48006242178 -12.07272975872 3.085188e-01    4.090080e+07    2.695950e-16
161.48654279150 -12.07564960486 2.790424e-01    4.090080e+07    3.296971e-16
161.51909484602 -12.09029315196 1.313175e-01    4.090080e+07    1.491812e-15
161.53925511036 -12.09936549330 4.008840e-02    4.090080e+07    1.602807e-14
161.46541511759 -12.06613639410 3.752186e-01    4.090080e+07    1.820953e-16
161.54805896058 -12.10332263665 3.106494e-04    4.090080e+07    2.670679e-10
161.49368876823 -12.07885766000 2.466086e-01    4.090080e+07    4.223158e-16
161.54718014189 -12.10292210500 4.265891e-03    4.090080e+07    1.416181e-12
161.54662248735 -12.10267338932 6.803410e-03    4.090080e+07    5.567619e-13
161.54129625244 -12.10027953566 3.086827e-02    4.090080e+07    2.703652e-14
161.52987504992 -12.09514306229 8.250145e-02    4.090080e+07    3.782122e-15
161.54310360281 -12.10108749602 2.269604e-02    4.090080e+07    5.001786e-14
161.54466294671 -12.10179641956 1.563025e-02    4.090080e+07    1.054719e-13
161.52900411381 -12.09474887606 8.648309e-02    4.090080e+07    3.441691e-15
161.50500682862 -12.08395605721 1.952154e-01    4.090080e+07    6.744351e-16
161.54136965225 -12.10031648630 3.053103e-02    4.090080e+07    2.763722e-14
161.54148594656 -12.10036673104 3.001369e-02    4.090080e+07    2.859841e-14
161.50147137175 -12.08236147000 2.112501e-01    4.090080e+07    5.758058e-16
161.47988801903 -12.07265529315 3.093059e-01    4.090080e+07    2.682217e-16
161.52132193515 -12.09129761909 1.212453e-01    4.090080e+07    1.750217e-15
161.54415641581 -12.10156590358 1.794868e-02    4.090080e+07    7.998146e-14
161.51231304747 -12.08723950466 1.620605e-01    4.090080e+07    9.790777e-16
161.54354897882 -12.10129011277 2.067867e-02    4.090080e+07    6.025494e-14
161.50269361883 -12.08291586085 2.057216e-01    4.090080e+07    6.072175e-16
161.48011800776 -12.07275407617 3.082648e-01    4.090080e+07    2.700404e-16
161.50658676167 -12.08466485250 1.880600e-01    4.090080e+07    7.268068e-16
161.51196282032 -12.08708902435 1.636484e-01    4.090080e+07    9.601478e-16
161.53004658145 -12.09522313759 8.174272e-02    4.090080e+07    3.852700e-15
161.54748489593 -12.10305937008 2.912506e-03    4.090080e+07    3.038177e-12
161.49776172390 -12.08069219907 2.281062e-01    4.090080e+07    4.937338e-16
161.53076673143 -12.09554194200 7.846871e-02    4.090080e+07    4.181098e-15
161.53428800900 -12.09712604704 6.257216e-02    4.090080e+07    6.576859e-15
161.53857394938 -12.09905209858 4.315578e-02    4.090080e+07    1.382999e-14
161.48174220856 -12.07348186521 3.008993e-01    4.090080e+07    2.834519e-16
161.52258275621 -12.09186297632 1.155152e-01    4.090080e+07    1.928314e-15
161.54795590348 -12.10327499870 7.446890e-04    4.090080e+07    4.647401e-11
161.52742682923 -12.09403796263 9.361962e-02    4.090080e+07    2.936681e-15
161.48285214487 -12.07398579235 2.958320e-01    4.090080e+07    2.932666e-16
161.54311268163 -12.10110060709 2.263188e-02    4.090080e+07    5.030190e-14
161.49204774251 -12.07811950089 2.540532e-01    4.090080e+07    3.978862e-16
161.53337663368 -12.09672063436 6.667837e-02    4.090080e+07    5.791429e-15
161.52475111878 -12.09283441673 1.057376e-01    4.090080e+07    2.301746e-15
161.53285752440 -12.09648448405 6.901726e-02    4.090080e+07    5.405377e-15
161.46395077650 -12.06547909842 3.818614e-01    4.090080e+07    1.757985e-16
161.50751046362 -12.08507693923 1.838563e-01    4.090080e+07    7.604675e-16
161.53850284020 -12.09901839248 4.350472e-02    4.090080e+07    1.360897e-14
161.51616533751 -12.08897792558 1.446174e-01    4.090080e+07    1.229806e-15
161.54714371595 -12.10290691100 4.446906e-03    4.090080e+07    1.303231e-12
161.48544929944 -12.07515179357 2.840559e-01    4.090080e+07    3.181392e-16
161.54811806659 -12.10334274434 3.866933e-05    4.090080e+07    1.723578e-08
161.54778861979 -12.10320008735 1.533884e-03    4.090080e+07    1.095393e-11
161.54025644356 -12.09981445942 3.554071e-02    4.090080e+07    2.039363e-14
161.54356438998 -12.10130290078 2.061027e-02    4.090080e+07    6.065558e-14
161.53949733986 -12.09947154469 3.898712e-02    4.090080e+07    1.694663e-14
161.54076902803 -12.10003920348 3.324411e-02    4.090080e+07    2.330942e-14
161.51552153035 -12.08868104749 1.475231e-01    4.090080e+07    1.181791e-15
161.53462102815 -12.09728072878 6.103981e-02    4.090080e+07    6.911365e-15
161.49559690067 -12.07971738524 2.379459e-01    4.090080e+07    4.536806e-16
161.52068284192 -12.09100460353 1.241629e-01    4.090080e+07    1.668859e-15
161.51102023920 -12.08666013744 1.679165e-01    4.090080e+07    9.119031e-16
161.47224963552 -12.06921009496 3.440821e-01    4.090080e+07    2.166375e-16
161.51234458051 -12.08725292005 1.619494e-01    4.090080e+07    9.804221e-16
161.49732708484 -12.08050092925 2.300774e-01    4.090080e+07    4.852963e-16
161.50127276194 -12.08227685377 2.121481e-01    4.090080e+07    5.709349e-16
161.54751937449 -12.10307439420 2.756060e-03    4.090080e+07    3.392893e-12
161.54350280357 -12.10127404078 2.087766e-02    4.090080e+07    5.911162e-14
161.48282274502 -12.07397369761 2.959940e-01    4.090080e+07    2.929449e-16
161.53960453702 -12.09951854804 3.849560e-02    4.090080e+07    1.738226e-14
161.54718510891 -12.10292364150 4.259459e-03    4.090080e+07    1.420462e-12
161.47088282911 -12.06860396014 3.502963e-01    4.090080e+07    2.090012e-16
161.49945755953 -12.08145298541 2.204108e-01    4.090080e+07    5.288694e-16
161.49440107423 -12.07917865640 2.433557e-01    4.090080e+07    4.337012e-16
161.52135465859 -12.09130786946 1.211043e-01    4.090080e+07    1.754297e-15
161.54612493087 -12.10245169641 9.040865e-03    4.090080e+07    3.152748e-13
161.54731178206 -12.10298626231 3.688081e-03    4.090080e+07    1.894702e-12
161.53620213395 -12.09798875298 5.391161e-02    4.090080e+07    8.860728e-15
161.50015444486 -12.08176964480 2.172408e-01    4.090080e+07    5.444407e-16
161.51152175497 -12.08688411929 1.656615e-01    4.090080e+07    9.369280e-16
161.49283218385 -12.07847484055 2.504783e-01    4.090080e+07    4.093455e-16
161.50606397732 -12.08442534731 1.904178e-01    4.090080e+07    7.088961e-16
161.50444799422 -12.08370577771 1.977253e-01    4.090080e+07    6.573980e-16
161.53140652426 -12.09583194491 7.558980e-02    4.090080e+07    4.505829e-15
161.54525271453 -12.10206106383 1.296549e-02    4.090080e+07    1.532875e-13
161.50628534892 -12.08452858281 1.894140e-01    4.090080e+07    7.164399e-16
161.48819374115 -12.07638964976 2.715672e-01    4.090080e+07    3.481339e-16
161.53937272771 -12.09941008500 3.957620e-02    4.090080e+07    1.644575e-14
161.54807226443 -12.10333186513 2.340176e-04    4.090080e+07    4.706154e-10
161.46734356071 -12.06701090210 3.664168e-01    4.090080e+07    1.909724e-16
161.49545710911 -12.07965460378 2.385644e-01    4.090080e+07    4.513276e-16
161.52337068727 -12.09221751619 1.119792e-01    4.090080e+07    2.052122e-15
161.48360162871 -12.07432197135 2.924197e-01    4.090080e+07    3.001651e-16
161.50261046261 -12.08287195185 2.060903e-01    4.090080e+07    6.050438e-16
161.51733628898 -12.08950536812 1.392886e-01    4.090080e+07    1.325805e-15
161.54655578314 -12.10264692556 7.096426e-03    4.090080e+07    5.117309e-13
161.54309220689 -12.10108415972 2.276024e-02    4.090080e+07    4.973605e-14
161.50219021764 -12.08268521848 2.080115e-01    4.090080e+07    5.939025e-16
161.54180955034 -12.10050702046 2.853537e-02    4.090080e+07    3.163898e-14
161.54305838356 -12.10107483015 2.287371e-02    4.090080e+07    4.924374e-14
161.54506153551 -12.10197512052 1.384096e-02    4.090080e+07    1.345077e-13
161.51501426933 -12.08845617608 1.498475e-01    4.090080e+07    1.145373e-15
161.54811930794 -12.10335014659 1.518644e-05    4.090080e+07    1.117513e-07
161.50219101147 -12.08269183873 2.079921e-01    4.090080e+07    5.940137e-16
161.52266212626 -12.09189653036 1.151886e-01    4.090080e+07    1.939274e-15
161.48651451993 -12.07563692801 2.791984e-01    4.090080e+07    3.293279e-16
161.54475876224 -12.10183917939 1.522244e-02    4.090080e+07    1.111994e-13
161.53725699362 -12.09846522146 4.911706e-02    4.090080e+07    1.067576e-14
161.52068510176 -12.09100313856 1.241465e-01    4.090080e+07    1.669300e-15
161.50600265990 -12.08440030417 1.906893e-01    4.090080e+07    7.068760e-16
161.51363493234 -12.08784088151 1.560788e-01    4.090080e+07    1.055650e-15
161.51640317564 -12.08908206243 1.435506e-01    4.090080e+07    1.248173e-15
161.51574002737 -12.08878499126 1.465273e-01    4.090080e+07    1.197924e-15
161.48155672025 -12.07340501739 3.017181e-01    4.090080e+07    2.819122e-16
161.53904166723 -12.09926928751 4.103428e-02    4.090080e+07    1.529746e-14
161.53335462057 -12.09670289595 6.679143e-02    4.090080e+07    5.771830e-15
161.50482544093 -12.08386790645 1.960438e-01    4.090080e+07    6.687396e-16
161.53455008545 -12.09724804257 6.137412e-02    4.090080e+07    6.836246e-15
161.54137870809 -12.10031304924 3.048839e-02    4.090080e+07    2.771460e-14
161.50287160298 -12.08299567611 2.049121e-01    4.090080e+07    6.120315e-16
161.54261681619 -12.10086901726 2.489367e-02    4.090080e+07    4.157516e-14
161.48139394537 -12.07332827119 3.024685e-01    4.090080e+07    2.805122e-16
161.53426126722 -12.09710976672 6.268446e-02    4.090080e+07    6.553306e-15
161.53530578043 -12.09758073992 5.794374e-02    4.090080e+07    7.670015e-15
161.52390588177 -12.09245372318 1.095601e-01    4.090080e+07    2.143821e-15
161.54642982899 -12.10259183444 7.647953e-03    4.090080e+07    4.405826e-13
161.53519142952 -12.09752830784 5.847358e-02    4.090080e+07    7.531589e-15
161.50661062100 -12.08468003541 1.879235e-01    4.090080e+07    7.278648e-16
161.49019695251 -12.07728899238 2.624448e-01    4.090080e+07    3.728042e-16
161.50412998483 -12.08356276758 1.991722e-01    4.090080e+07    6.478679e-16
161.53351592977 -12.09677839094 6.606493e-02    4.090080e+07    5.899532e-15
161.51283405648 -12.08747318433 1.597054e-01    4.090080e+07    1.008200e-15
161.53021924104 -12.09529879218 8.095326e-02    4.090080e+07    3.928253e-15
161.54795932539 -12.10327751904 7.512640e-04    4.090080e+07    4.566410e-11
161.53111245454 -12.09569401915 7.693705e-02    4.090080e+07    4.349324e-15
161.53902929815 -12.09926004587 4.111622e-02    4.090080e+07    1.523653e-14
161.46903844743 -12.06777299157 3.586819e-01    4.090080e+07    1.993193e-16
161.46264919888 -12.06489594293 3.878131e-01    4.090080e+07    1.704298e-16
161.53124405270 -12.09575842512 7.632449e-02    4.090080e+07    4.419455e-15
161.54394383961 -12.10146878375 1.891212e-02    4.090080e+07    7.203911e-14
161.53969362058 -12.09956117562 3.808516e-02    4.090080e+07    1.775904e-14
161.46512957694 -12.06601366713 3.764850e-01    4.090080e+07    1.808691e-16
161.53969901601 -12.09956070542 3.806045e-02    4.090080e+07    1.778211e-14
161.54762409145 -12.10312477364 2.284188e-03    4.090080e+07    4.939545e-12
161.46090355562 -12.06410647020 3.957721e-01    4.090080e+07    1.636257e-16
161.54746291341 -12.10305547170 2.976917e-03    4.090080e+07    2.908123e-12
161.53231830108 -12.09623697900 7.147486e-02    4.090080e+07    5.039873e-15
161.51444074912 -12.08820218339 1.524144e-01    4.090080e+07    1.107078e-15
161.53553379641 -12.09768377161 5.693800e-02    4.090080e+07    7.943484e-15
161.51129204894 -12.08678291538 1.667170e-01    4.090080e+07    9.250883e-16
161.53597651547 -12.09788961809 5.492429e-02    4.090080e+07    8.536873e-15
161.53281678404 -12.09646886735 6.918786e-02    4.090080e+07    5.378739e-15
161.53651539924 -12.09812618236 5.249844e-02    4.090080e+07    9.344364e-15
161.54772723155 -12.10316732606 1.793664e-03    4.090080e+07    8.010722e-12
161.51356696231 -12.08780311831 1.563812e-01    4.090080e+07    1.051568e-15
161.53158701207 -12.09591119354 7.479293e-02    4.090080e+07    4.602406e-15
161.52619035553 -12.09348963145 9.918893e-02    4.090080e+07    2.615954e-15
161.48920275095 -12.07683927453 2.669699e-01    4.090080e+07    3.602505e-16
161.51073901117 -12.08653539502 1.691987e-01    4.090080e+07    8.981181e-16
161.50186282039 -12.08253694531 2.094914e-01    4.090080e+07    5.855290e-16
161.49782557487 -12.08071841420 2.278180e-01    4.090080e+07    4.949858e-16
161.54617265153 -12.10247173635 8.837234e-03    4.090080e+07    3.299725e-13
161.52873287084 -12.09463119508 8.769097e-02    4.090080e+07    3.347473e-15
161.53913473117 -12.09931193637 4.062085e-02    4.090080e+07    1.561052e-14
161.53922727751 -12.09934798125 4.020204e-02    4.090080e+07    1.593756e-14
161.47475420866 -12.07033829450 3.326742e-01    4.090080e+07    2.317871e-16
161.51098192801 -12.08664029588 1.680952e-01    4.090080e+07    9.099631e-16
161.54791623774 -12.10325468902 9.563094e-04    4.090080e+07    2.818135e-11
161.47981835067 -12.07261766342 3.096369e-01    4.090080e+07    2.676472e-16
161.54632682688 -12.10254563672 8.109805e-03    4.090080e+07    3.918266e-13
161.54809205440 -12.10333861143 1.321284e-04    4.090080e+07    1.476289e-09
161.53791783065 -12.09875815803 4.612154e-02    4.090080e+07    1.210805e-14
161.49416061602 -12.07907734426 2.444535e-01    4.090080e+07    4.298079e-16
161.54739517510 -12.10302431758 3.275862e-03    4.090080e+07    2.401559e-12
161.54129726613 -12.10027631057 3.085083e-02    4.090080e+07    2.706709e-14
161.48908856666 -12.07679302991 2.674985e-01    4.090080e+07    3.588254e-16
161.48244161805 -12.07379907428 2.977304e-01    4.090080e+07    2.895308e-16
161.54162787978 -12.10042531987 2.938081e-02    4.090080e+07    2.984398e-14
161.48093489631 -12.07311804868 3.045718e-01    4.090080e+07    2.766431e-16
161.54787989221 -12.10323562054 1.108550e-03    4.090080e+07    2.097235e-11
161.54811584449 -12.10334953473 5.205923e-05    4.090080e+07    9.509743e-09
161.48343052011 -12.07425094139 2.932054e-01    4.090080e+07    2.985553e-16
161.52809936997 -12.09434408890 9.053856e-02    4.090080e+07    3.140092e-15
161.46984133495 -12.06813195076 3.550577e-01    4.090080e+07    2.034196e-16
161.53778925693 -12.09869951560 4.673548e-02    4.090080e+07    1.179192e-14
161.46389907278 -12.06545658401 3.820933e-01    4.090080e+07    1.755846e-16
161.53740530780 -12.09852547515 4.845367e-02    4.090080e+07    1.097019e-14
161.51392514893 -12.08796225918 1.547681e-01    4.090080e+07    1.073626e-15
161.54811383871 -12.10334743042 5.414406e-05    4.090080e+07    8.791493e-09
161.54155319383 -12.10039115169 2.971219e-02    4.090080e+07    2.918187e-14
161.51895484916 -12.09023160702 1.319486e-01    4.090080e+07    1.477564e-15
161.53460663811 -12.09727416254 6.111039e-02    4.090080e+07    6.895404e-15
161.53655358738 -12.09814559510 5.230225e-02    4.090080e+07    9.414627e-15
161.53415975883 -12.09707326650 6.311397e-02    4.090080e+07    6.464375e-15
161.50246048135 -12.08280666699 2.067517e-01    4.090080e+07    6.011730e-16
161.48124462925 -12.07325992867 3.031697e-01    4.090080e+07    2.792133e-16
161.51830953103 -12.08993848335 1.349152e-01    4.090080e+07    1.413240e-15
161.48299018183 -12.07404342812 2.952178e-01    4.090080e+07    2.944906e-16
161.49762877302 -12.08063429030 2.286865e-01    4.090080e+07    4.912273e-16
161.54481170247 -12.10185972855 1.495850e-02    4.090080e+07    1.151587e-13
161.46247235714 -12.06480988224 3.886297e-01    4.090080e+07    1.697124e-16
161.53003445297 -12.09521279032 8.179146e-02    4.090080e+07    3.848108e-15
161.52196032334 -12.09158453855 1.183539e-01    4.090080e+07    1.836852e-15
161.52955610078 -12.09499944611 8.395859e-02    4.090080e+07    3.651905e-15
161.53117581574 -12.09572544542 7.665260e-02    4.090080e+07    4.381682e-15
161.49746353641 -12.08055897335 2.294568e-01    4.090080e+07    4.879293e-16
161.53261211475 -12.09637308882 7.013602e-02    4.090080e+07    5.234225e-15
161.54794612006 -12.10327087715 8.254776e-04    4.090080e+07    3.782238e-11
161.52222501442 -12.09169741902 1.171661e-01    4.090080e+07    1.874315e-15
161.54010521508 -12.09974858706 3.623376e-02    4.090080e+07    1.962075e-14
161.48958198695 -12.07701504012 2.652302e-01    4.090080e+07    3.650010e-16
161.50707096966 -12.08487853059 1.858470e-01    4.090080e+07    7.442423e-16
161.49350052496 -12.07877693385 2.474497e-01    4.090080e+07    4.194450e-16
161.53628707262 -12.09802461188 5.352663e-02    4.090080e+07    8.988692e-15
161.52193631490 -12.09157411673 1.184609e-01    4.090080e+07    1.833533e-15
161.50018491557 -12.08178284954 2.170951e-01    4.090080e+07    5.451730e-16
161.53454638361 -12.09724772736 6.138342e-02    4.090080e+07    6.834173e-15
161.48614781743 -12.07547233378 2.808653e-01    4.090080e+07    3.254228e-16
161.54640226156 -12.10257868621 7.770766e-03    4.090080e+07    4.267655e-13
161.53731093978 -12.09848882493 4.889382e-02    4.090080e+07    1.077350e-14
161.54752019409 -12.10307986244 2.717994e-03    4.090080e+07    3.488598e-12
161.51110199991 -12.08670005924 1.675736e-01    4.090080e+07    9.156430e-16
161.52319765084 -12.09214286843 1.127346e-01    4.090080e+07    2.024693e-15
161.54526329171 -12.10206486032 1.293306e-02    4.090080e+07    1.540575e-13
161.50854403462 -12.08555093850 1.791586e-01    4.090080e+07    8.009243e-16
161.53300891328 -12.09655202641 6.835828e-02    4.090080e+07    5.510146e-15
161.52447249811 -12.09271614807 1.069676e-01    4.090080e+07    2.249076e-15
161.54808384861 -12.10333501901 1.751494e-04    4.090080e+07    8.401293e-10
161.51281431027 -12.08746833342 1.597796e-01    4.090080e+07    1.007263e-15
161.51587189622 -12.08883808109 1.459419e-01    4.090080e+07    1.207564e-15
161.54023836428 -12.09980056589 3.565814e-02    4.090080e+07    2.025950e-14
161.54792474707 -12.10326527706 8.892006e-04    4.090080e+07    3.259565e-11
161.46735925446 -12.06701337091 3.663322e-01    4.090080e+07    1.910608e-16
161.50320743461 -12.08314997884 2.033680e-01    4.090080e+07    6.213742e-16
161.54071152619 -12.10001827710 3.349943e-02    4.090080e+07    2.295537e-14
161.48051667066 -12.07293357715 3.064544e-01    4.090080e+07    2.732473e-16
161.53660476391 -12.09816602757 5.207998e-02    4.090080e+07    9.495188e-15
161.46335010844 -12.06520967211 3.845931e-01    4.090080e+07    1.733034e-16
161.53518460475 -12.09752945133 5.849811e-02    4.090080e+07    7.525272e-15
161.51491936323 -12.08840906618 1.502703e-01    4.090080e+07    1.138930e-15
161.53348450428 -12.09677048387 6.617410e-02    4.090080e+07    5.880073e-15
161.52776816969 -12.09419024469 9.207646e-02    4.090080e+07    3.036007e-15
161.52482438624 -12.09287178202 1.053913e-01    4.090080e+07    2.316908e-15
161.54436159117 -12.10166145102 1.700843e-02    4.090080e+07    8.907004e-14
161.52233318338 -12.09175225555 1.166588e-01    4.090080e+07    1.890664e-15
161.54812761572 -12.10335213284 3.324472e-07    4.090080e+07    2.331949e-04
161.48480754664 -12.07486612599 2.869653e-01    4.090080e+07    3.117080e-16
161.47839258285 -12.07198056513 3.161203e-01    4.090080e+07    2.567579e-16
161.54377933498 -12.10139127748 1.964283e-02    4.090080e+07    6.677837e-14
161.54199688419 -12.10059256931 2.767647e-02    4.090080e+07    3.363362e-14
161.48076686698 -12.07304602094 3.053429e-01    4.090080e+07    2.752446e-16
161.54310275861 -12.10108812250 2.271168e-02    4.090080e+07    4.994901e-14
161.47837808966 -12.07197014526 3.162092e-01    4.090080e+07    2.566133e-16
161.54810807832 -12.10334581042 8.699143e-05    4.090080e+07    3.405737e-09
161.52544222457 -12.09314823303 1.025786e-01    4.090080e+07    2.445808e-15
161.53143672004 -12.09584181925 7.546814e-02    4.090080e+07    4.520376e-15
161.52769837706 -12.09415859034 9.237886e-02    4.090080e+07    3.016150e-15
161.51673587242 -12.08922760173 1.420386e-01    4.090080e+07    1.274915e-15
161.54483478829 -12.10187157434 1.484603e-02    4.090080e+07    1.169104e-13
161.54778402006 -12.10319370928 1.559238e-03    4.090080e+07    1.060059e-11
161.53924970634 -12.09936177577 4.009368e-02    4.090080e+07    1.602385e-14
161.49194027030 -12.07807557991 2.545482e-01    4.090080e+07    3.963376e-16
161.49491602371 -12.07941003424 2.410142e-01    4.090080e+07    4.421837e-16
161.46547257547 -12.06616662542 3.749582e-01    4.090080e+07    1.823490e-16
161.52009883150 -12.09074014173 1.268075e-01    4.090080e+07    1.599916e-15
161.48869449301 -12.07661973323 2.692792e-01    4.090080e+07    3.540867e-16
161.50344227630 -12.08325414129 2.023164e-01    4.090080e+07    6.278598e-16
161.49354119631 -12.07879801742 2.472555e-01    4.090080e+07    4.201050e-16
161.49909964866 -12.08129236074 2.220260e-01    4.090080e+07    5.211905e-16
161.52266257119 -12.09189828945 1.151646e-01    4.090080e+07    1.940084e-15
161.46638421188 -12.06657141495 3.708034e-01    4.090080e+07    1.864692e-16
161.50808918896 -12.08533800134 1.812321e-01    4.090080e+07    7.826788e-16
161.54376783032 -12.10139591790 1.967528e-02    4.090080e+07    6.655831e-14
161.50070281649 -12.08202134087 2.147219e-01    4.090080e+07    5.573094e-16
161.54701320196 -12.10285320926 5.021134e-03    4.090080e+07    1.022187e-12
161.46968790834 -12.06806164838 3.557485e-01    4.090080e+07    2.026283e-16
161.54374288739 -12.10138076103 1.978966e-02    4.090080e+07    6.579102e-14
161.54595556186 -12.10237425800 9.791098e-03    4.090080e+07    2.688077e-13
161.54809593823 -12.10333470161 1.327819e-04    4.090080e+07    1.461794e-09
161.53285543866 -12.09648056716 6.903946e-02    4.090080e+07    5.401901e-15
161.54630696074 -12.10253752233 8.210574e-03    4.090080e+07    3.822673e-13
161.47990422796 -12.07265437767 3.092601e-01    4.090080e+07    2.683013e-16
161.51130748137 -12.08678556232 1.666318e-01    4.090080e+07    9.260350e-16
161.53706711977 -12.09837304905 4.999203e-02    4.090080e+07    1.030520e-14
161.54028987360 -12.09982141061 3.541762e-02    4.090080e+07    2.053566e-14
161.54727107115 -12.10296527889 3.876764e-03    4.090080e+07    1.714755e-12
161.53995748088 -12.09968107989 3.691752e-02    4.090080e+07    1.890049e-14
161.51075813282 -12.08653697977 1.691308e-01    4.090080e+07    8.988409e-16
161.53037342287 -12.09537033825 8.026477e-02    4.090080e+07    3.995972e-15
161.52961062706 -12.09502690863 8.369807e-02    4.090080e+07    3.674688e-15
161.53696063989 -12.09832950672 5.048280e-02    4.090080e+07    1.010574e-14
161.53401236164 -12.09700339655 6.379294e-02    4.090080e+07    6.327441e-15
161.50680664359 -12.08476286226 1.870313e-01    4.090080e+07    7.348351e-16
161.54448407818 -12.10171239009 1.646829e-02    4.090080e+07    9.500939e-14
161.54005941717 -12.09972652432 3.645372e-02    4.090080e+07    1.938462e-14
161.53227297292 -12.09621736377 7.166734e-02    4.090080e+07    5.012825e-15
161.54660434792 -12.10266684146 6.887990e-03    4.090080e+07    5.431719e-13
161.47160163932 -12.06892026803 3.470207e-01    4.090080e+07    2.129751e-16
161.54759436271 -12.10311378180 2.412078e-03    4.090080e+07    4.429626e-12
161.51276120499 -12.08744472418 1.600214e-01    4.090080e+07    1.004217e-15
161.53976416045 -12.09959504465 3.777355e-02    4.090080e+07    1.805333e-14
161.52559212082 -12.09321121069 1.019264e-01    4.090080e+07    2.477231e-15
161.50264227319 -12.08289040487 2.059216e-01    4.090080e+07    6.060367e-16
161.51193146325 -12.08707230192 1.638163e-01    4.090080e+07    9.581787e-16
161.48748901939 -12.07606968047 2.747533e-01    4.090080e+07    3.400916e-16
161.52019031290 -12.09078305557 1.263682e-01    4.090080e+07    1.611070e-15
161.54031398648 -12.09983311361 3.530454e-02    4.090080e+07    2.066745e-14
161.50466490528 -12.08380144803 1.967423e-01    4.090080e+07    6.639928e-16
161.48479801004 -12.07486618957 2.869811e-01    4.090080e+07    3.116737e-16
161.54577207763 -12.10229144107 1.064178e-02    4.090080e+07    2.275469e-13
161.48545832184 -12.07515540026 2.840113e-01    4.090080e+07    3.182393e-16
161.53918096555 -12.09932576884 4.042921e-02    4.090080e+07    1.575891e-14
161.54147137933 -12.10035643648 3.005966e-02    4.090080e+07    2.851097e-14
161.52471800013 -12.09282377504 1.058461e-01    4.090080e+07    2.297026e-15
161.53806288277 -12.09882306121 4.547193e-02    4.090080e+07    1.245658e-14
161.46688018686 -12.06680156222 3.685191e-01    4.090080e+07    1.887941e-16
161.53401964504 -12.09700826766 6.377843e-02    4.090080e+07    6.330322e-15
161.52657788982 -12.09365432204 9.745056e-02    4.090080e+07    2.710181e-15
161.54811396301 -12.10334302266 7.169001e-05    4.090080e+07    5.014722e-09
161.47083746536 -12.06857671508 3.505173e-01    4.090080e+07    2.087370e-16
161.54653490857 -12.10263745556 7.191396e-03    4.090080e+07    4.983036e-13
161.54812038502 -12.10335071632 3.503745e-06    4.090080e+07    2.099421e-06
161.51793467234 -12.08976632479 1.366111e-01    4.090080e+07    1.378337e-15
161.54436401244 -12.10165701850 1.698876e-02    4.090080e+07    8.927648e-14
161.47926866677 -12.07237801639 3.121399e-01    4.090080e+07    2.633627e-16
161.50915210458 -12.08582427681 1.763987e-01    4.090080e+07    8.262143e-16
161.48824027931 -12.07641111999 2.713651e-01    4.090080e+07    3.486537e-16
161.53497268124 -12.09743292112 5.945524e-02    4.090080e+07    7.284837e-15
161.52240773755 -12.09178785458 1.163156e-01    4.090080e+07    1.901849e-15
161.48166373984 -12.07345156323 3.012500e-01    4.090080e+07    2.827910e-16
161.48350213627 -12.07427684876 2.929080e-01    4.090080e+07    2.991632e-16
161.54231171563 -12.10073151309 2.626837e-02    4.090080e+07    3.733680e-14
161.47306835447 -12.06958807331 3.403485e-01    4.090080e+07    2.214281e-16
161.53082287828 -12.09557161238 7.821191e-02    4.090080e+07    4.208615e-15
161.54256382308 -12.10084620411 2.514584e-02    4.090080e+07    4.074536e-14
161.50336618007 -12.08321226665 2.026744e-01    4.090080e+07    6.256405e-16
161.52703090655 -12.09385968430 9.541485e-02    4.090080e+07    2.827142e-15
161.47691280090 -12.07131583566 3.228574e-01    4.090080e+07    2.461308e-16
161.53430776719 -12.09713761003 6.246419e-02    4.090080e+07    6.599627e-15
161.54505040491 -12.10196970778 1.389439e-02    4.090080e+07    1.334752e-13
161.49676775274 -12.08024418901 2.326116e-01    4.090080e+07    4.747630e-16
161.50952229432 -12.08598433937 1.747219e-01    4.090080e+07    8.421690e-16
161.53252312971 -12.09633167013 7.052567e-02    4.090080e+07    5.176518e-15
161.54718418430 -12.10293157369 4.234253e-03    4.090080e+07    1.437425e-12
161.53058020129 -12.09546161383 7.931558e-02    4.090080e+07    4.092242e-15
161.49628106137 -12.08003203256 2.348119e-01    4.090080e+07    4.658924e-16
161.53382421522 -12.09691947744 6.463478e-02    4.090080e+07    6.163619e-15
161.52743777445 -12.09404481868 9.353354e-02    4.090080e+07    2.942093e-15
161.47169705098 -12.06896848944 3.466094e-01    4.090080e+07    2.134822e-16
161.48147346218 -12.07336129248 3.021287e-01    4.090080e+07    2.811450e-16
161.49340909915 -12.07873731364 2.478562e-01    4.090080e+07    4.180678e-16
161.46843485154 -12.06749818378 3.614574e-01    4.090080e+07    1.962624e-16
161.54251096335 -12.10082717842 2.538456e-02    4.090080e+07    3.998248e-14
161.54087532179 -12.10009463930 3.275829e-02    4.090080e+07    2.400608e-14
161.48039943470 -12.07288176879 3.069865e-01    4.090080e+07    2.722990e-16
161.51590577049 -12.08885701217 1.457690e-01    4.090080e+07    1.210433e-15
161.49572210464 -12.07978156435 2.373406e-01    4.090080e+07    4.560018e-16
161.52483019526 -12.09287718945 1.053580e-01    4.090080e+07    2.318376e-15
161.53723814456 -12.09844944532 4.921650e-02    4.090080e+07    1.063265e-14
161.54166537717 -12.10044232810 2.918203e-02    4.090080e+07    3.025203e-14
161.53682093961 -12.09826457843 5.109089e-02    4.090080e+07    9.866527e-15
161.54086761388 -12.10008733976 3.280645e-02    4.090080e+07    2.393564e-14
161.54804223431 -12.10331459551 3.888175e-04    4.090080e+07    1.704789e-10
161.49020988908 -12.07729873988 2.623800e-01    4.090080e+07    3.729889e-16
161.54790354077 -12.10324680509 1.000773e-03    4.090080e+07    2.573279e-11
161.54538774502 -12.10212124290 1.238001e-02    4.090080e+07    1.681306e-13
161.54388124342 -12.10143946742 1.918248e-02    4.090080e+07    7.002247e-14
161.54290491411 -12.10099988537 2.358049e-02    4.090080e+07    4.633556e-14
161.53902120845 -12.09925223523 4.115589e-02    4.090080e+07    1.520716e-14
161.49372605197 -12.07887902842 2.464412e-01    4.090080e+07    4.228908e-16
161.54213089966 -12.10065887843 2.707080e-02    4.090080e+07    3.515575e-14
161.54778066701 -12.10319972701 1.551274e-03    4.090080e+07    1.070972e-11
161.54165893017 -12.10043810440 2.923901e-02    4.090080e+07    3.013421e-14
161.47117255973 -12.06873341734 3.489651e-01    4.090080e+07    2.106027e-16
161.54709859772 -12.10288576615 4.627418e-03    4.090080e+07    1.203535e-12
161.53831006878 -12.09893778099 4.434067e-02    4.090080e+07    1.310051e-14
161.48256426295 -12.07385959018 2.971567e-01    4.090080e+07    2.906522e-16
161.51460209189 -12.08826617552 1.517013e-01    4.090080e+07    1.117522e-15
161.53045121668 -12.09539688628 7.991419e-02    4.090080e+07    4.031130e-15
161.49372612117 -12.07887534659 2.464164e-01    4.090080e+07    4.229761e-16
161.51108846463 -12.08669194591 1.676112e-01    4.090080e+07    9.152324e-16
161.49801617354 -12.08080664003 2.269452e-01    4.090080e+07    4.988066e-16
161.46927806371 -12.06787594986 3.576300e-01    4.090080e+07    2.004966e-16
161.54609656447 -12.10244245388 9.152804e-03    4.090080e+07    3.076098e-13
161.50872587129 -12.08562919893 1.783182e-01    4.090080e+07    8.085003e-16
161.46438478392 -12.06567829523 3.798990e-01    4.090080e+07    1.776244e-16
161.54271196068 -12.10091126263 2.447762e-02    4.090080e+07    4.300075e-14
161.53351789875 -12.09678502618 6.602399e-02    4.090080e+07    5.906854e-15
161.54760269890 -12.10311463340 2.343175e-03    4.090080e+07    4.693976e-12
161.47593260044 -12.07087642974 3.273068e-01    4.090080e+07    2.394695e-16
161.51939681284 -12.09042834834 1.299580e-01    4.090080e+07    1.523217e-15
161.51100575892 -12.08665794642 1.679917e-01    4.090080e+07    9.110857e-16
161.53081924119 -12.09556283731 7.824997e-02    4.090080e+07    4.204521e-15
161.51003908188 -12.08621986425 1.723977e-01    4.090080e+07    8.650576e-16
161.48507765251 -12.07498550700 2.857447e-01    4.090080e+07    3.143823e-16
161.48901855148 -12.07675557905 2.678234e-01    4.090080e+07    3.579538e-16
161.51367749044 -12.08785279339 1.558777e-01    4.090080e+07    1.058379e-15
161.47419824035 -12.07009100066 3.352077e-01    4.090080e+07    2.282885e-16
161.54734970356 -12.10300177069 3.518216e-03    4.090080e+07    2.082083e-12
161.54801662215 -12.10330451633 4.843738e-04    4.090080e+07    1.098501e-10
161.54709658010 -12.10289257304 4.647677e-03    4.090080e+07    1.193065e-12
161.52074892161 -12.09103812846 1.238324e-01    4.090080e+07    1.677788e-15
161.54401272042 -12.10149835729 1.857627e-02    4.090080e+07    7.466789e-14
161.50129089046 -12.08228080417 2.120750e-01    4.090080e+07    5.713285e-16
161.54477201017 -12.10184369047 1.516332e-02    4.090080e+07    1.120684e-13
161.47841799061 -12.07199113917 3.159904e-01    4.090080e+07    2.569696e-16
161.54601759219 -12.10240163126 9.531642e-03    4.090080e+07    2.836421e-13
161.54210017093 -12.10063617982 2.722849e-02    4.090080e+07    3.474965e-14
161.53096351604 -12.09562649254 7.760029e-02    4.090080e+07    4.275255e-15
161.49302271702 -12.07856549461 2.496184e-01    4.090080e+07    4.121755e-16
161.54289167618 -12.10099405634 2.363895e-02    4.090080e+07    4.610663e-14
161.54459615191 -12.10175920497 1.595357e-02    4.090080e+07    1.012397e-13
161.53595951809 -12.09787610220 5.500572e-02    4.090080e+07    8.511609e-15
161.47313310932 -12.06960864145 3.400805e-01    4.090080e+07    2.217781e-16
161.53050783388 -12.09542431262 7.967594e-02    4.090080e+07    4.055288e-15
161.53498766227 -12.09744634288 5.937227e-02    4.090080e+07    7.305218e-15
161.54812082562 -12.10335308505 7.445373e-07    4.090080e+07    4.649343e-05
161.52478254367 -12.09284603088 1.055828e-01    4.090080e+07    2.308505e-15
161.53772879732 -12.09867036396 4.699062e-02    4.090080e+07    1.166418e-14
161.51736971820 -12.08951461159 1.391608e-01    4.090080e+07    1.328244e-15
161.49207233566 -12.07813217379 2.539230e-01    4.090080e+07    3.982950e-16
161.51899727044 -12.09024430594 1.317965e-01    4.090080e+07    1.480980e-15
161.53186107269 -12.09603241494 7.352454e-02    4.090080e+07    4.762656e-15
161.46863826054 -12.06758626460 3.605426e-01    4.090080e+07    1.972622e-16
161.46197661756 -12.06459518606 3.908514e-01    4.090080e+07    1.677833e-16
161.51263634995 -12.08738308874 1.606274e-01    4.090080e+07    9.966452e-16
161.46915594009 -12.06781882433 3.581725e-01    4.090080e+07    1.998882e-16
161.54581489970 -12.10230839263 1.044298e-02    4.090080e+07    2.362933e-13
161.50786900160 -12.08523870555 1.822252e-01    4.090080e+07    7.741608e-16
161.54240628612 -12.10077329062 2.585302e-02    4.090080e+07    3.854635e-14
161.51248611608 -12.08731715713 1.613086e-01    4.090080e+07    9.882359e-16
161.49354067209 -12.07879723578 2.472677e-01    4.090080e+07    4.200635e-16
161.49049562038 -12.07742751038 2.610885e-01    4.090080e+07    3.766948e-16
161.54056117634 -12.09995243263 3.417647e-02    4.090080e+07    2.205467e-14
161.49199492563 -12.07809590971 2.543059e-01    4.090080e+07    3.970946e-16
161.51303139468 -12.08756171412 1.588114e-01    4.090080e+07    1.019596e-15
161.54407592417 -12.10152661222 1.831681e-02    4.090080e+07    7.679843e-14
161.54204994646 -12.10061550859 2.745980e-02    4.090080e+07    3.416659e-14
161.54811101252 -12.10334719587 7.456921e-05    4.090080e+07    4.634951e-09
161.53445153874 -12.09719861069 6.181340e-02    4.090080e+07    6.739385e-15
161.50285953471 -12.08298842269 2.049410e-01    4.090080e+07    6.118589e-16
161.54761386846 -12.10311839684 2.326380e-03    4.090080e+07    4.761997e-12
161.48724092011 -12.07596518063 2.758716e-01    4.090080e+07    3.373346e-16
161.53519311295 -12.09753426350 5.846579e-02    4.090080e+07    7.533599e-15
161.53551689836 -12.09767826479 5.701337e-02    4.090080e+07    7.922488e-15
161.54143402723 -12.10034356701 3.022414e-02    4.090080e+07    2.820143e-14
161.50701195558 -12.08485570627 1.861069e-01    4.090080e+07    7.421624e-16
161.54479045283 -12.10185040576 1.505388e-02    4.090080e+07    1.137039e-13
161.50310179465 -12.08310063049 2.038418e-01    4.090080e+07    6.184849e-16
161.47947622947 -12.07246972383 3.112082e-01    4.090080e+07    2.649455e-16
161.53449995830 -12.09721925414 6.161441e-02    4.090080e+07    6.783005e-15
161.53770874795 -12.09866258893 4.708758e-02    4.090080e+07    1.161617e-14
161.54509581814 -12.10198724519 1.368915e-02    4.090080e+07    1.375079e-13
161.54798488860 -12.10329233241 6.245017e-04    4.090080e+07    6.608358e-11
161.54330027255 -12.10118559070 2.178717e-02    4.090080e+07    5.427870e-14
161.49448859207 -12.07922448066 2.429468e-01    4.090080e+07    4.351649e-16
161.50841926294 -12.08548991089 1.797489e-01    4.090080e+07    7.956655e-16
161.54404793886 -12.10151191703 1.842554e-02    4.090080e+07    7.589461e-14
161.54207667255 -12.10062900366 2.733765e-02    4.090080e+07    3.447264e-14
161.50497962790 -12.08394162318 1.953153e-01    4.090080e+07    6.737442e-16
161.50536440418 -12.08411307898 1.935746e-01    4.090080e+07    6.859331e-16
161.53154531145 -12.09589622464 7.496256e-02    4.090080e+07    4.581588e-15
161.51751307842 -12.08957912875 1.384898e-01    4.090080e+07    1.341158e-15
161.54808429006 -12.10332762233 1.890360e-04    4.090080e+07    7.212314e-10
161.51683320697 -12.08927789523 1.415647e-01    4.090080e+07    1.283474e-15
161.52336210660 -12.09221664513 1.119895e-01    4.090080e+07    2.051744e-15
161.46740119317 -12.06703749165 3.661508e-01    4.090080e+07    1.912506e-16
161.50580709729 -12.08431337567 1.915897e-01    4.090080e+07    7.002388e-16
161.54603343360 -12.10241200393 9.428827e-03    4.090080e+07    2.898621e-13
161.54515248750 -12.10201617631 1.343839e-02    4.090080e+07    1.426880e-13
161.53803267498 -12.09881389994 4.561839e-02    4.090080e+07    1.237670e-14
161.47599654842 -12.07090553771 3.270282e-01    4.090080e+07    2.398786e-16
161.49880621960 -12.08116304024 2.233534e-01    4.090080e+07    5.150046e-16
161.51004487343 -12.08622337540 1.723720e-01    4.090080e+07    8.653159e-16
161.51866362393 -12.09009613794 1.333010e-01    4.090080e+07    1.447706e-15
161.52905804354 -12.09477674704 8.622114e-02    4.090080e+07    3.462648e-15
161.50109441950 -12.08219498551 2.129807e-01    4.090080e+07    5.664728e-16
161.51041227090 -12.08638398245 1.707062e-01    4.090080e+07    8.823076e-16
161.54792696579 -12.10326185703 8.800676e-04    4.090080e+07    3.327570e-11
161.50223984437 -12.08271069747 2.077499e-01    4.090080e+07    5.954012e-16
161.54069752017 -12.10000752779 3.358653e-02    4.090080e+07    2.283643e-14
161.54608936210 -12.10243278031 9.182827e-03    4.090080e+07    3.056015e-13
161.51318042208 -12.08762709517 1.581515e-01    4.090080e+07    1.028131e-15
161.47061667749 -12.06848061668 3.515267e-01    4.090080e+07    2.075370e-16
161.53289379797 -12.09650310898 6.886334e-02    4.090080e+07    5.429579e-15
161.52746495649 -12.09406159735 9.343321e-02    4.090080e+07    2.948419e-15
161.52983431749 -12.09512757019 8.269968e-02    4.090080e+07    3.764002e-15
161.52910894535 -12.09479337733 8.598322e-02    4.090080e+07    3.481849e-15
161.50145395101 -12.08235487007 2.113509e-01    4.090080e+07    5.752564e-16
161.53964377013 -12.09953661076 3.830972e-02    4.090080e+07    1.755140e-14
161.54176378728 -12.10049206555 2.875508e-02    4.090080e+07    3.115725e-14
161.48712945317 -12.07591018080 2.763843e-01    4.090080e+07    3.360816e-16
161.54538930784 -12.10212293020 1.234120e-02    4.090080e+07    1.691896e-13
161.49200983836 -12.07810433058 2.542405e-01    4.090080e+07    3.972990e-16
161.47397751870 -12.06999459950 3.362130e-01    4.090080e+07    2.269221e-16
161.51492058580 -12.08841642083 1.502408e-01    4.090080e+07    1.139378e-15
161.54763282907 -12.10313175059 2.207044e-03    4.090080e+07    5.290897e-12
161.53224764223 -12.09620901181 7.179899e-02    4.090080e+07    4.994449e-15
161.54584277029 -12.10232700399 1.029107e-02    4.090080e+07    2.433213e-13
161.47787554487 -12.07174601164 3.184828e-01    4.090080e+07    2.529544e-16
161.47153146575 -12.06889548094 3.473314e-01    4.090080e+07    2.125934e-16
161.50994021374 -12.08617778168 1.728123e-01    4.090080e+07    8.609072e-16
161.50733577165 -12.08500429669 1.846289e-01    4.090080e+07    7.541088e-16
161.54685740770 -12.10277648100 5.747352e-03    4.090080e+07    7.801780e-13
161.54753218998 -12.10308409229 2.693023e-03    4.090080e+07    3.553594e-12
161.50074741760 -12.08203920099 2.145273e-01    4.090080e+07    5.583223e-16
161.53759953296 -12.09861516765 4.756139e-02    4.090080e+07    1.138581e-14
161.54320900610 -12.10114338835 2.219770e-02    4.090080e+07    5.228925e-14
161.53903627518 -12.09925808456 4.107588e-02    4.090080e+07    1.526648e-14
161.54310962311 -12.10109106602 2.267958e-02    4.090080e+07    5.009050e-14
161.51549630215 -12.08867836891 1.476383e-01    4.090080e+07    1.179944e-15
161.54802438271 -12.10330540641 4.399528e-04    4.090080e+07    1.331527e-10
161.53986423441 -12.09963487156 3.731542e-02    4.090080e+07    1.849946e-14
161.54786917250 -12.10323217880 1.176616e-03    4.090080e+07    1.861607e-11
161.54808762507 -12.10333488608 1.851604e-04    4.090080e+07    7.517391e-10
161.46341352699 -12.06523753139 3.843129e-01    4.090080e+07    1.735569e-16
161.54790785532 -12.10325147678 9.642527e-04    4.090080e+07    2.771896e-11
161.52407881367 -12.09253500974 1.087450e-01    4.090080e+07    2.176101e-15
161.54799628007 -12.10329072399 5.849377e-04    4.090080e+07    7.532546e-11
161.53211342137 -12.09614484346 7.240942e-02    4.090080e+07    4.910554e-15
161.47838320859 -12.07197951783 3.161701e-01    4.090080e+07    2.566768e-16
161.53685564087 -12.09828622046 5.092120e-02    4.090080e+07    9.932418e-15
161.54811135714 -12.10334781346 4.038383e-05    4.090080e+07    1.580336e-08
161.51058803845 -12.08647004627 1.698933e-01    4.090080e+07    8.907802e-16
161.54803947611 -12.10330845685 4.019635e-04    4.090080e+07    1.595104e-10
161.54565658782 -12.10224298188 1.113215e-02    4.090080e+07    2.079401e-13
161.53507735795 -12.09748572395 5.897558e-02    4.090080e+07    7.403864e-15
161.50226803919 -12.08272610231 2.076241e-01    4.090080e+07    5.961246e-16
161.47392909761 -12.06996627570 3.364329e-01    4.090080e+07    2.266248e-16
161.54178010086 -12.10049339517 2.868920e-02    4.090080e+07    3.130053e-14
161.53195108167 -12.09607200565 7.312704e-02    4.090080e+07    4.814600e-15
161.46897065552 -12.06774056845 3.590001e-01    4.090080e+07    1.989653e-16
161.47211445930 -12.06915694623 3.446930e-01    4.090080e+07    2.158684e-16
161.54759871505 -12.10311596041 2.364288e-03    4.090080e+07    4.610515e-12
161.53026109351 -12.09531909489 8.078069e-02    4.090080e+07    3.945065e-15
161.50224725375 -12.08270981377 2.077300e-01    4.090080e+07    5.955159e-16
161.54343016727 -12.10123590768 2.120957e-02    4.090080e+07    5.727575e-14
161.54206100545 -12.10061953044 2.741587e-02    4.090080e+07    3.427617e-14
161.47383772539 -12.06993264319 3.368357e-01    4.090080e+07    2.260818e-16
161.51915967161 -12.09032415583 1.310315e-01    4.090080e+07    1.498338e-15
161.50390006096 -12.08345396721 2.002465e-01    4.090080e+07    6.409258e-16
161.53040436511 -12.09538142870 8.013701e-02    4.090080e+07    4.008731e-15
161.54606529368 -12.10242645039 9.306593e-03    4.090080e+07    2.975267e-13
161.46600585704 -12.06640965419 3.725067e-01    4.090080e+07    1.847634e-16
161.48888775837 -12.07669929742 2.684246e-01    4.090080e+07    3.563490e-16
161.54714505849 -12.10290617443 4.421078e-03    4.090080e+07    1.318503e-12
161.47184763174 -12.06903208425 3.459321e-01    4.090080e+07    2.143210e-16
161.51055083221 -12.08644430469 1.700779e-01    4.090080e+07    8.888454e-16
161.46553979995 -12.06619329379 3.746550e-01    4.090080e+07    1.826450e-16
161.54569267463 -12.10225835805 1.099877e-02    4.090080e+07    2.130142e-13
161.54707419588 -12.10288152000 4.726818e-03    4.090080e+07    1.153448e-12
161.53592183142 -12.09786341193 5.514144e-02    4.090080e+07    8.469743e-15
161.54128572304 -12.10026945456 3.091990e-02    4.090080e+07    2.694627e-14
161.54058593971 -12.09996104509 3.407921e-02    4.090080e+07    2.218077e-14
161.54303907448 -12.10106545274 2.296070e-02    4.090080e+07    4.887125e-14
161.54811927660 -12.10334691176 2.561790e-05    4.090080e+07    3.927149e-08
161.47866298920 -12.07210156435 3.148771e-01    4.090080e+07    2.587939e-16
161.54528568151 -12.10207783863 1.281163e-02    4.090080e+07    1.569920e-13
161.54757899954 -12.10310251412 2.482284e-03    4.090080e+07    4.182601e-12
161.54770426117 -12.10316248388 1.911286e-03    4.090080e+07    7.055070e-12
161.47626297576 -12.07101708363 3.258085e-01    4.090080e+07    2.416822e-16
161.51758758022 -12.08961060607 1.381748e-01    4.090080e+07    1.347287e-15
161.54194158275 -12.10057010211 2.792560e-02    4.090080e+07    3.303606e-14
161.50416548897 -12.08357596447 1.990076e-01    4.090080e+07    6.489421e-16
161.54645759416 -12.10259979873 7.517149e-03    4.090080e+07    4.560496e-13
161.54515527040 -12.10201173040 1.340914e-02    4.090080e+07    1.433112e-13
161.48504685086 -12.07497149657 2.858829e-01    4.090080e+07    3.140778e-16
161.54579086654 -12.10230479170 1.054152e-02    4.090080e+07    2.318962e-13
161.48563413972 -12.07523705988 2.832139e-01    4.090080e+07    3.200374e-16
161.54467248940 -12.10180214641 1.558296e-02    4.090080e+07    1.061131e-13
161.51902991798 -12.09026094895 1.316513e-01    4.090080e+07    1.484251e-15
161.47990964878 -12.07266055384 3.092255e-01    4.090080e+07    2.683615e-16
161.52924111822 -12.09486069092 8.539523e-02    4.090080e+07    3.529993e-15
161.53585541313 -12.09783630475 5.545771e-02    4.090080e+07    8.373376e-15
161.53935356868 -12.09940408221 3.962897e-02    4.090080e+07    1.640197e-14
161.53805709322 -12.09882253450 4.551350e-02    4.090080e+07    1.243383e-14
161.47018558096 -12.06828420048 3.534890e-01    4.090080e+07    2.052335e-16
161.51818834836 -12.08988020963 1.354419e-01    4.090080e+07    1.402260e-15
161.53929408772 -12.09938317552 3.991241e-02    4.090080e+07    1.616977e-14
161.54805600427 -12.10332277228 3.220672e-04    4.090080e+07    2.484676e-10
161.46460407190 -12.06577441410 3.788808e-01    4.090080e+07    1.785828e-16
161.53711142130 -12.09839412362 4.978402e-02    4.090080e+07    1.039153e-14
161.54788014721 -12.10323995560 1.087991e-03    4.090080e+07    2.177244e-11
161.54711021115 -12.10289649380 4.563474e-03    4.090080e+07    1.237500e-12
161.49844534661 -12.08099972451 2.250081e-01    4.090080e+07    5.074458e-16
161.50768140347 -12.08515456572 1.830937e-01    4.090080e+07    7.668243e-16
161.46802033358 -12.06731285388 3.633498e-01    4.090080e+07    1.942183e-16
161.49061856690 -12.07747636908 2.605370e-01    4.090080e+07    3.782942e-16
161.52835644778 -12.09445658365 8.940700e-02    4.090080e+07    3.220129e-15
161.54514519104 -12.10201032820 1.348353e-02    4.090080e+07    1.417342e-13
161.52635320249 -12.09356122200 9.846972e-02    4.090080e+07    2.654333e-15
161.52055773891 -12.09094626633 1.247120e-01    4.090080e+07    1.654184e-15
161.54713705240 -12.10291048224 4.444478e-03    4.090080e+07    1.304656e-12
161.50673852616 -12.08472840386 1.873635e-01    4.090080e+07    7.322283e-16
161.50924272902 -12.08585753252 1.759929e-01    4.090080e+07    8.300331e-16
161.50934657989 -12.08591124853 1.755238e-01    4.090080e+07    8.344814e-16
161.49614271211 -12.07996763212 2.354248e-01    4.090080e+07    4.634661e-16
161.46415621537 -12.06557128365 3.809334e-01    4.090080e+07    1.766584e-16
161.51000010619 -12.08619782760 1.725560e-01    4.090080e+07    8.634697e-16
161.54808129324 -12.10333157511 1.886835e-04    4.090080e+07    7.239279e-10
161.47824078660 -12.07190863381 3.168266e-01    4.090080e+07    2.556119e-16
161.46550415651 -12.06617969759 3.748147e-01    4.090080e+07    1.824890e-16
161.54135570049 -12.10030898952 3.060070e-02    4.090080e+07    2.751150e-14
161.52444597635 -12.09269469558 1.071097e-01    4.090080e+07    2.243109e-15
161.52231268847 -12.09174015468 1.167634e-01    4.090080e+07    1.887275e-15
161.53737729983 -12.09851979183 4.858414e-02    4.090080e+07    1.091133e-14
161.54751815845 -12.10308277405 2.729576e-03    4.090080e+07    3.459054e-12
161.47324044111 -12.06966153839 3.395666e-01    4.090080e+07    2.224516e-16
161.48802589322 -12.07631415986 2.723389e-01    4.090080e+07    3.461600e-16
161.52992296763 -12.09516595961 8.231465e-02    4.090080e+07    3.799318e-15
161.54012275728 -12.09975256589 3.617173e-02    4.090080e+07    1.968812e-14
161.46275956122 -12.06494815139 3.872868e-01    4.090080e+07    1.708946e-16
161.54570977925 -12.10226716051 1.091473e-02    4.090080e+07    2.163076e-13
161.54432435852 -12.10164034377 1.719202e-02    4.090080e+07    8.717772e-14
161.54806241732 -12.10332125713 2.991297e-04    4.090080e+07    2.880339e-10
161.52783528945 -12.09422179829 9.176586e-02    4.090080e+07    3.056608e-15
161.50756382433 -12.08510463339 1.836288e-01    4.090080e+07    7.623560e-16
161.54610821978 -12.10244624492 9.099960e-03    4.090080e+07    3.111930e-13
161.48678607515 -12.07575696663 2.779357e-01    4.090080e+07    3.323329e-16
161.49427602311 -12.07912681122 2.439357e-01    4.090080e+07    4.316379e-16
161.53880279558 -12.09916021265 4.213477e-02    4.090080e+07    1.450858e-14
161.51296389802 -12.08753925664 1.591078e-01    4.090080e+07    1.015796e-15
161.51973590180 -12.09057790125 1.284257e-01    4.090080e+07    1.559817e-15
161.54254888998 -12.10084204291 2.520506e-02    4.090080e+07    4.055407e-14
161.54526126797 -12.10205867069 1.294636e-02    4.090080e+07    1.537412e-13
161.52562051659 -12.09323091426 1.017916e-01    4.090080e+07    2.483798e-15
161.54811593488 -12.10334436297 5.847641e-05    4.090080e+07    7.537073e-09
161.47745488990 -12.07156191010 3.203905e-01    4.090080e+07    2.499443e-16
161.54424002871 -12.10160275452 1.755008e-02    4.090080e+07    8.365633e-14
161.54217910752 -12.10067970716 2.685548e-02    4.090080e+07    3.572187e-14
161.48570632665 -12.07526762057 2.828541e-01    4.090080e+07    3.208536e-16
161.53939487680 -12.09942742889 3.943514e-02    4.090080e+07    1.656364e-14
161.54727869977 -12.10296545275 3.832520e-03    4.090080e+07    1.754576e-12
161.46333522344 -12.06520461360 3.846956e-01    4.090080e+07    1.732108e-16
161.54596315836 -12.10237923995 9.748792e-03    4.090080e+07    2.711460e-13
161.53460789127 -12.09727318509 6.108978e-02    4.090080e+07    6.900058e-15
161.51219005572 -12.08718464679 1.626494e-01    4.090080e+07    9.719918e-16
161.47998588007 -12.07269833397 3.088902e-01    4.090080e+07    2.689456e-16
161.54805558021 -12.10331765309 3.361010e-04    4.090080e+07    2.281513e-10
161.49303218313 -12.07856737903 2.495771e-01    4.090080e+07    4.123122e-16
161.53149930646 -12.09587167726 7.516878e-02    4.090080e+07    4.556471e-15
161.54240585266 -12.10078140872 2.582246e-02    4.090080e+07    3.863769e-14
161.49423765169 -12.07911338553 2.440795e-01    4.090080e+07    4.311284e-16
161.52691460795 -12.09381513679 9.590857e-02    4.090080e+07    2.798090e-15
161.53569738210 -12.09776414239 5.616797e-02    4.090080e+07    8.162865e-15
161.54374844363 -12.10137937854 1.977799e-02    4.090080e+07    6.586871e-14
161.53400379379 -12.09700296805 6.381907e-02    4.090080e+07    6.322260e-15
161.51534905272 -12.08861228725 1.482993e-01    4.090080e+07    1.169438e-15
161.54807871145 -12.10333052202 2.025294e-04    4.090080e+07    6.283291e-10
161.47711109579 -12.07140050912 3.219494e-01    4.090080e+07    2.475243e-16
161.52258054995 -12.09185805688 1.155325e-01    4.090080e+07    1.927739e-15
161.52966796279 -12.09505367065 8.344380e-02    4.090080e+07    3.697131e-15
161.49958178584 -12.08151523707 2.198349e-01    4.090080e+07    5.316479e-16
161.53082684433 -12.09556672607 7.820502e-02    4.090080e+07    4.209358e-15
161.53965887519 -12.09954272317 3.824183e-02    4.090080e+07    1.761379e-14
161.54256163672 -12.10085138265 2.512434e-02    4.090080e+07    4.081514e-14
161.48349061167 -12.07427720224 2.929325e-01    4.090080e+07    2.991131e-16
161.53301838938 -12.09655378243 6.828619e-02    4.090080e+07    5.521794e-15
161.53286537403 -12.09649133887 6.897666e-02    4.090080e+07    5.411744e-15
161.49772520131 -12.08067576876 2.282655e-01    4.090080e+07    4.930437e-16
161.54812491025 -12.10335269609 1.292490e-05    4.090080e+07    1.542801e-07
161.52237150600 -12.09176500073 1.165063e-01    4.090080e+07    1.895620e-15
161.48258409616 -12.07386223482 2.970558e-01    4.090080e+07    2.908501e-16
161.46473136809 -12.06583089233 3.783386e-01    4.090080e+07    1.790965e-16
161.54801361169 -12.10330062811 4.966609e-04    4.090080e+07    1.044820e-10
161.54739702008 -12.10302674631 3.271525e-03    4.090080e+07    2.407932e-12
161.54507540160 -12.10198007216 1.379443e-02    4.090080e+07    1.354168e-13
161.54453247745 -12.10173072830 1.624246e-02    4.090080e+07    9.767006e-14
161.50591125682 -12.08435676418 1.911151e-01    4.090080e+07    7.037258e-16
161.54794483700 -12.10327071533 7.934598e-04    4.090080e+07    4.093642e-11
161.49651031976 -12.08012850983 2.337805e-01    4.090080e+07    4.700193e-16
161.54781639993 -12.10320905713 1.414304e-03    4.090080e+07    1.288458e-11
161.52284853433 -12.09198415108 1.143185e-01    4.090080e+07    1.968931e-15
161.51461737653 -12.08827358983 1.516271e-01    4.090080e+07    1.118617e-15
161.49184913139 -12.07803249026 2.549342e-01    4.090080e+07    3.951360e-16
161.53456551765 -12.09725014492 6.128171e-02    4.090080e+07    6.856888e-15
161.54812561896 -12.10334674091 1.073299e-06    4.090080e+07    2.237296e-05
161.54575323225 -12.10228413867 1.070136e-02    4.090080e+07    2.250199e-13
161.48812661696 -12.07636341133 2.718651e-01    4.090080e+07    3.473700e-16
161.46925201851 -12.06786477177 3.577197e-01    4.090080e+07    2.003958e-16
161.53728535848 -12.09847036783 4.899936e-02    4.090080e+07    1.072712e-14
161.46690382821 -12.06680822519 3.684058e-01    4.090080e+07    1.889105e-16
161.54741724047 -12.10302921339 3.218872e-03    4.090080e+07    2.487354e-12
161.52902983656 -12.09476041055 8.634483e-02    4.090080e+07    3.452728e-15
161.52441282370 -12.09268360425 1.072684e-01    4.090080e+07    2.236472e-15
161.53413743350 -12.09706331590 6.323541e-02    4.090080e+07    6.439558e-15
161.50065464397 -12.08199633926 2.149649e-01    4.090080e+07    5.560481e-16
161.46545030666 -12.06615594032 3.750350e-01    4.090080e+07    1.822741e-16
161.52465301873 -12.09279058546 1.061744e-01    4.090080e+07    2.282832e-15
161.52487965203 -12.09289794165 1.051300e-01    4.090080e+07    2.328450e-15
161.53272374346 -12.09642104651 6.962842e-02    4.090080e+07    5.310857e-15
161.54315807256 -12.10111374575 2.244254e-02    4.090080e+07    5.115437e-14
161.54792813472 -12.10325765278 8.987693e-04    4.090080e+07    3.190529e-11
161.54053359923 -12.09994010521 3.430267e-02    4.090080e+07    2.189265e-14
161.54551893040 -12.10218219024 1.176759e-02    4.090080e+07    1.860877e-13
161.48644497974 -12.07560647628 2.794882e-01    4.090080e+07    3.286440e-16
161.46659200864 -12.06667168644 3.698465e-01    4.090080e+07    1.874378e-16
161.50043696725 -12.08190071518 2.159518e-01    4.090080e+07    5.509695e-16
161.54636386508 -12.10256093281 7.935652e-03    4.090080e+07    4.092142e-13
161.54261680845 -12.10087447576 2.487065e-02    4.090080e+07    4.165218e-14
161.54763410427 -12.10312824290 2.224369e-03    4.090080e+07    5.208794e-12
161.47320459328 -12.06964297710 3.397261e-01    4.090080e+07    2.222422e-16
161.54752677587 -12.10308436662 2.686456e-03    4.090080e+07    3.570989e-12
161.50587191453 -12.08434583166 1.913004e-01    4.090080e+07    7.023613e-16
161.54803043775 -12.10331266635 4.202912e-04    4.090080e+07    1.459020e-10
161.52565593669 -12.09324540839 1.015981e-01    4.090080e+07    2.493279e-15
161.47732589528 -12.07149566981 3.209958e-01    4.090080e+07    2.490005e-16
161.54144215551 -12.10034589262 3.021629e-02    4.090080e+07    2.821609e-14
161.51942997452 -12.09044071817 1.298339e-01    4.090080e+07    1.526132e-15
161.54059326232 -12.09996514645 3.404398e-02    4.090080e+07    2.222671e-14
161.47103091402 -12.06867035101 3.496298e-01    4.090080e+07    2.098007e-16
161.50893298823 -12.08572289526 1.774071e-01    4.090080e+07    8.168366e-16
161.53136494719 -12.09581357554 7.578867e-02    4.090080e+07    4.482200e-15
161.51222829964 -12.08720208013 1.624419e-01    4.090080e+07    9.744803e-16
161.54681188776 -12.10275859539 5.942227e-03    4.090080e+07    7.298432e-13
161.52683758213 -12.09377058393 9.628042e-02    4.090080e+07    2.776504e-15
161.51991209800 -12.09065713025 1.276551e-01    4.090080e+07    1.578721e-15
161.54811562814 -12.10334864728 3.772442e-05    4.090080e+07    1.811003e-08
161.54812206258 -12.10335115397 8.371252e-06    4.090080e+07    3.677763e-07
161.53438217236 -12.09717201448 6.213631e-02    4.090080e+07    6.669489e-15
161.51966859500 -12.09055437024 1.287291e-01    4.090080e+07    1.552466e-15
161.54589599937 -12.10235060218 1.006343e-02    4.090080e+07    2.544550e-13
161.54700897395 -12.10284939379 5.025135e-03    4.090080e+07    1.020559e-12
161.48735969718 -12.07601321777 2.753451e-01    4.090080e+07    3.386284e-16
161.52644116426 -12.09359376690 9.808323e-02    4.090080e+07    2.675307e-15
161.52786798298 -12.09424363991 9.158948e-02    4.090080e+07    3.068399e-15
161.48275601755 -12.07394764600 2.962725e-01    4.090080e+07    2.923932e-16
161.47426844806 -12.07012557971 3.348728e-01    4.090080e+07    2.287465e-16
161.54382921607 -12.10141793542 1.941531e-02    4.090080e+07    6.835288e-14
161.53594166382 -12.09787152791 5.506532e-02    4.090080e+07    8.493183e-15
161.53969792363 -12.09955822754 3.807678e-02    4.090080e+07    1.776686e-14
161.47463841311 -12.07029074454 3.332176e-01    4.090080e+07    2.310299e-16
161.51511695037 -12.08849971592 1.493555e-01    4.090080e+07    1.152940e-15
161.54799317166 -12.10328636887 5.981340e-04    4.090080e+07    7.203837e-11
161.54250717257 -12.10082885428 2.538162e-02    4.090080e+07    3.999175e-14
161.50544933825 -12.08414918869 1.932007e-01    4.090080e+07    6.885941e-16
161.48943671663 -12.07694551444 2.659266e-01    4.090080e+07    3.630880e-16
161.49505038193 -12.07947190321 2.404266e-01    4.090080e+07    4.443515e-16
161.46215139551 -12.06467354927 3.900826e-01    4.090080e+07    1.684470e-16
161.54346734167 -12.10125095273 2.105437e-02    4.090080e+07    5.812342e-14
161.54804472659 -12.10330945015 3.769523e-04    4.090080e+07    1.813801e-10
161.46973624862 -12.06808008114 3.555211e-01    4.090080e+07    2.028883e-16
161.46981189700 -12.06811489766 3.551894e-01    4.090080e+07    2.032684e-16
161.47217127982 -12.06917891370 3.444563e-01    4.090080e+07    2.161659e-16
161.54745644710 -12.10305393605 3.025883e-03    4.090080e+07    2.814763e-12
161.53736059510 -12.09850826267 4.866399e-02    4.090080e+07    1.087554e-14
161.51462519092 -12.08828577711 1.515962e-01    4.090080e+07    1.119074e-15
161.53038483297 -12.09536916786 8.022823e-02    4.090080e+07    3.999616e-15
161.50549814306 -12.08417989817 1.929695e-01    4.090080e+07    6.902469e-16
161.54806512203 -12.10332361910 2.635345e-04    4.090080e+07    3.710976e-10
161.54398158788 -12.10148734655 1.872108e-02    4.090080e+07    7.351702e-14
161.51226023349 -12.08721996557 1.623226e-01    4.090080e+07    9.759139e-16
161.50026978609 -12.08182447760 2.167049e-01    4.090080e+07    5.471412e-16
161.54812263899 -12.10334551602 2.690934e-05    4.090080e+07    3.559250e-08
161.53733104718 -12.09849629303 4.876972e-02    4.090080e+07    1.082842e-14
161.50515998513 -12.08402076609 1.945319e-01    4.090080e+07    6.791892e-16
161.52755776877 -12.09409954712 9.302495e-02    4.090080e+07    2.974373e-15
161.54127350354 -12.10026858954 3.097429e-02    4.090080e+07    2.685171e-14
161.48856670800 -12.07655620910 2.698598e-01    4.090080e+07    3.525619e-16
161.54402431765 -12.10151102419 1.852761e-02    4.090080e+07    7.506063e-14
161.51898103636 -12.09024361578 1.318360e-01    4.090080e+07    1.480092e-15
161.47173247249 -12.06898473647 3.464181e-01    4.090080e+07    2.137185e-16
161.54104903407 -12.10017133908 3.198287e-02    4.090080e+07    2.518451e-14
161.53702292298 -12.09835336290 5.019441e-02    4.090080e+07    1.022224e-14
161.53004024299 -12.09521429017 8.178113e-02    4.090080e+07    3.849080e-15
161.51689329144 -12.08930432144 1.412958e-01    4.090080e+07    1.288368e-15
161.46224437498 -12.06471653684 3.896358e-01    4.090080e+07    1.688347e-16
161.50980951160 -12.08611559645 1.734409e-01    4.090080e+07    8.546703e-16
161.53455104496 -12.09724405656 6.134847e-02    4.090080e+07    6.841965e-15
161.53028320870 -12.09532967457 8.067121e-02    4.090080e+07    3.955786e-15
161.47845133767 -12.07200515014 3.158419e-01    4.090080e+07    2.572119e-16
161.54516029657 -12.10201761968 1.337762e-02    4.090080e+07    1.439875e-13
161.54023776112 -12.09979915779 3.564875e-02    4.090080e+07    2.027016e-14
161.53439724535 -12.09717515978 6.204664e-02    4.090080e+07    6.688789e-15
161.52129133565 -12.09127967113 1.213929e-01    4.090080e+07    1.745958e-15
161.49242282074 -12.07828785992 2.523449e-01    4.090080e+07    4.033014e-16
161.54294587330 -12.10102139497 2.338355e-02    4.090080e+07    4.711946e-14
161.48830612104 -12.07643838241 2.710448e-01    4.090080e+07    3.494798e-16
161.53816123299 -12.09886794901 4.502280e-02    4.090080e+07    1.270643e-14
161.54803149957 -12.10330673598 4.220837e-04    4.090080e+07    1.446654e-10
161.52443665999 -12.09269143537 1.071419e-01    4.090080e+07    2.241760e-15
161.52931794785 -12.09488841945 8.503688e-02    4.090080e+07    3.559824e-15
161.46554359105 -12.06619979704 3.746293e-01    4.090080e+07    1.826701e-16
161.46256917063 -12.06486016450 3.881510e-01    4.090080e+07    1.701324e-16
161.49001175783 -12.07721053990 2.633032e-01    4.090080e+07    3.703730e-16
161.50787619163 -12.08524429963 1.822145e-01    4.090080e+07    7.742516e-16
161.47338361544 -12.06972044317 3.389356e-01    4.090080e+07    2.232825e-16
161.46225563362 -12.06471944707 3.896090e-01    4.090080e+07    1.688580e-16
161.54628827848 -12.10252461694 8.312683e-03    4.090080e+07    3.729333e-13
161.52897507590 -12.09473301496 8.660240e-02    4.090080e+07    3.432210e-15
161.51805858300 -12.08983054498 1.360158e-01    4.090080e+07    1.390440e-15
161.48269817131 -12.07391561777 2.965250e-01    4.090080e+07    2.918944e-16
161.50463076569 -12.08379023329 1.969023e-01    4.090080e+07    6.629128e-16
161.54724097436 -12.10295234915 3.984054e-03    4.090080e+07    1.623640e-12
161.49409077201 -12.07903789540 2.447716e-01    4.090080e+07    4.286896e-16
161.50399315870 -12.08350319753 1.997944e-01    4.090080e+07    6.438339e-16
161.53804940890 -12.09881779801 4.552203e-02    4.090080e+07    1.242917e-14
161.49630361515 -12.08004101558 2.347271e-01    4.090080e+07    4.662300e-16
161.46103621122 -12.06416809784 3.951380e-01    4.090080e+07    1.641528e-16
161.48357424290 -12.07431506935 2.925553e-01    4.090080e+07    2.998864e-16
161.47948309582 -12.07246721799 3.111856e-01    4.090080e+07    2.649841e-16
161.47065524367 -12.06849765534 3.513202e-01    4.090080e+07    2.077816e-16
161.49847016385 -12.08101447294 2.248910e-01    4.090080e+07    5.079751e-16
161.50588507376 -12.08434954814 1.912196e-01    4.090080e+07    7.029556e-16
161.50643480675 -12.08459566750 1.887324e-01    4.090080e+07    7.216310e-16
161.50671163786 -12.08472363471 1.874545e-01    4.090080e+07    7.315163e-16
161.54621559243 -12.10248660852 8.635246e-03    4.090080e+07    3.455908e-13
161.52252045488 -12.09183435125 1.158361e-01    4.090080e+07    1.917636e-15
161.54031854187 -12.09983513455 3.529717e-02    4.090080e+07    2.067608e-14
161.54806067243 -12.10332490781 2.748138e-04    4.090080e+07    3.412605e-10
161.53805816775 -12.09882443970 4.547812e-02    4.090080e+07    1.245319e-14
161.54135777493 -12.10031196425 3.057156e-02    4.090080e+07    2.756398e-14
161.54324386529 -12.10116010163 2.204414e-02    4.090080e+07    5.302041e-14
161.52044205133 -12.09090289818 1.252333e-01    4.090080e+07    1.640428e-15
161.54639547767 -12.10257597775 7.811226e-03    4.090080e+07    4.223556e-13
161.53618330238 -12.09797992867 5.398170e-02    4.090080e+07    8.837722e-15
161.52228705857 -12.09173306001 1.168575e-01    4.090080e+07    1.884234e-15
161.54786197215 -12.10323222230 1.206257e-03    4.090080e+07    1.771239e-11
161.51829748311 -12.08993706819 1.349577e-01    4.090080e+07    1.412349e-15
161.46254141118 -12.06484278384 3.883133e-01    4.090080e+07    1.699898e-16
161.54748928085 -12.10306223922 2.859326e-03    4.090080e+07    3.152243e-12
161.54248519390 -12.10081677304 2.547187e-02    4.090080e+07    3.970880e-14
161.50220216085 -12.08269080423 2.079410e-01    4.090080e+07    5.943059e-16
161.52710766424 -12.09389512039 9.504708e-02    4.090080e+07    2.849077e-15
161.54455162680 -12.10174406055 1.613185e-02    4.090080e+07    9.901416e-14
161.46972446045 -12.06807372096 3.555961e-01    4.090080e+07    2.028025e-16
161.53184099015 -12.09602270334 7.363287e-02    4.090080e+07    4.748644e-15
161.50929546764 -12.08588392012 1.757679e-01    4.090080e+07    8.321625e-16
161.52501483113 -12.09295703168 1.045002e-01    4.090080e+07    2.356620e-15
161.46285772494 -12.06499126416 3.868658e-01    4.090080e+07    1.712677e-16
161.52197390220 -12.09158984725 1.182726e-01    4.090080e+07    1.839380e-15
161.53094206544 -12.09562194699 7.769481e-02    4.090080e+07    4.264854e-15
161.52722969486 -12.09395322977 9.447395e-02    4.090080e+07    2.883774e-15
161.54734558503 -12.10300300037 3.519882e-03    4.090080e+07    2.080113e-12
161.53561334747 -12.09772243016 5.654358e-02    4.090080e+07    8.054735e-15
161.54765654965 -12.10313648553 2.107695e-03    4.090080e+07    5.801444e-12
161.50184696066 -12.08253769174 2.095410e-01    4.090080e+07    5.852516e-16
161.46576470432 -12.06629698081 3.736216e-01    4.090080e+07    1.836594e-16
161.46668585694 -12.06671039029 3.694112e-01    4.090080e+07    1.878810e-16
161.54375752077 -12.10138827623 1.973381e-02    4.090080e+07    6.616401e-14
161.51883502049 -12.09017125448 1.325101e-01    4.090080e+07    1.465057e-15
161.51018835440 -12.08628796005 1.716855e-01    4.090080e+07    8.722586e-16
161.52004450818 -12.09072048601 1.270234e-01    4.090080e+07    1.594479e-15
161.52790807534 -12.09425991175 9.141713e-02    4.090080e+07    3.079988e-15
161.46952696694 -12.06798821146 3.564737e-01    4.090080e+07    2.018027e-16
161.48764107324 -12.07614471645 2.740632e-01    4.090080e+07    3.418096e-16
161.49142130979 -12.07784119366 2.568815e-01    4.090080e+07    3.891573e-16
161.50732028338 -12.08499057650 1.847157e-01    4.090080e+07    7.533989e-16
161.54232863819 -12.10074294618 2.617521e-02    4.090080e+07    3.760310e-14
161.51253743803 -12.08734370858 1.610714e-01    4.090080e+07    9.911527e-16
161.49368858246 -12.07886059565 2.466009e-01    4.090080e+07    4.223421e-16
161.54211765834 -12.10065009924 2.712682e-02    4.090080e+07    3.501067e-14
161.52873318352 -12.09462565159 8.767651e-02    4.090080e+07    3.348579e-15
161.54681049880 -12.10276119359 5.917892e-03    4.090080e+07    7.358584e-13
161.54449651885 -12.10171375416 1.640102e-02    4.090080e+07    9.579047e-14
161.47231391064 -12.06924823771 3.437772e-01    4.090080e+07    2.170228e-16
161.48237666135 -12.07376759314 2.980211e-01    4.090080e+07    2.889651e-16
161.54075543951 -12.10003942769 3.331306e-02    4.090080e+07    2.321299e-14
161.46226416663 -12.06471578110 3.895670e-01    4.090080e+07    1.688944e-16
161.51995745625 -12.09067884328 1.274422e-01    4.090080e+07    1.584007e-15
161.47970302089 -12.07256518601 3.101614e-01    4.090080e+07    2.667409e-16
161.47478601452 -12.07035702635 3.325536e-01    4.090080e+07    2.319555e-16
161.49413326858 -12.07906222500 2.445923e-01    4.090080e+07    4.293194e-16
161.54675157910 -12.10273789240 6.195607e-03    4.090080e+07    6.713652e-13
161.51759283425 -12.08961516978 1.381271e-01    4.090080e+07    1.348218e-15
161.54269488567 -12.10090956275 2.451586e-02    4.090080e+07    4.286668e-14
161.54154211326 -12.10039273841 2.974819e-02    4.090080e+07    2.911127e-14
161.54034047662 -12.09984432142 3.519240e-02    4.090080e+07    2.079940e-14
161.49371790596 -12.07887094289 2.464649e-01    4.090080e+07    4.228092e-16
161.54763230172 -12.10313049482 2.228407e-03    4.090080e+07    5.189932e-12
161.48957252150 -12.07701196577 2.653084e-01    4.090080e+07    3.647855e-16
161.48154495675 -12.07339985612 3.018016e-01    4.090080e+07    2.817559e-16
161.52340616203 -12.09222793876 1.118213e-01    4.090080e+07    2.057925e-15
161.54249758724 -12.10082232869 2.540954e-02    4.090080e+07    3.990389e-14
161.53870042740 -12.09911085568 4.257774e-02    4.090080e+07    1.420817e-14
161.53813699129 -12.09886229599 4.514148e-02    4.090080e+07    1.263968e-14
161.54642664051 -12.10258483394 7.658870e-03    4.090080e+07    4.393273e-13
161.48266006945 -12.07390342570 2.967209e-01    4.090080e+07    2.915083e-16
161.49048976277 -12.07742009213 2.611387e-01    4.090080e+07    3.765497e-16
161.50908820073 -12.08578977437 1.766799e-01    4.090080e+07    8.235835e-16
161.51492086125 -12.08841687925 1.502478e-01    4.090080e+07    1.139272e-15
161.52974050259 -12.09508009567 8.313665e-02    4.090080e+07    3.724515e-15
161.48146673710 -12.07336558994 3.021251e-01    4.090080e+07    2.811516e-16
161.54485990561 -12.10188363167 1.473642e-02    4.090080e+07    1.186562e-13
161.53985147301 -12.09962814868 3.738421e-02    4.090080e+07    1.843143e-14
161.53955215756 -12.09949114449 3.876488e-02    4.090080e+07    1.714155e-14
161.54722380140 -12.10294012228 4.081805e-03    4.090080e+07    1.546803e-12
161.54447981714 -12.10171273807 1.647340e-02    4.090080e+07    9.495045e-14
161.46391722893 -12.06545983356 3.820333e-01    4.090080e+07    1.756400e-16
161.54716786685 -12.10291697747 4.331175e-03    4.090080e+07    1.373810e-12
161.54758129612 -12.10310581552 2.461120e-03    4.090080e+07    4.254849e-12
161.50648767239 -12.08461993048 1.884967e-01    4.090080e+07    7.234389e-16
161.51698174631 -12.08934640399 1.409012e-01    4.090080e+07    1.295602e-15
161.54418309896 -12.10157449966 1.782604e-02    4.090080e+07    8.108598e-14
161.51695772654 -12.08932990543 1.410229e-01    4.090080e+07    1.293365e-15
161.50056682562 -12.08195963998 2.153710e-01    4.090080e+07    5.539501e-16
161.52645126280 -12.09360397782 9.803110e-02    4.090080e+07    2.678155e-15
161.48207706916 -12.07363649759 2.993872e-01    4.090080e+07    2.863284e-16
161.47519491520 -12.07053724941 3.306853e-01    4.090080e+07    2.345901e-16
161.53723005058 -12.09844749079 4.923966e-02    4.090080e+07    1.062264e-14
161.50002339078 -12.08171545782 2.178233e-01    4.090080e+07    5.415283e-16
161.50706749875 -12.08487650446 1.858733e-01    4.090080e+07    7.440314e-16
161.54029331998 -12.09982925677 3.540904e-02    4.090080e+07    2.054562e-14
161.54805590934 -12.10331566874 3.141049e-04    4.090080e+07    2.612241e-10
161.49474169753 -12.07933827715 2.418097e-01    4.090080e+07    4.392743e-16
161.54801116825 -12.10330306494 4.950159e-04    4.090080e+07    1.051776e-10
161.54646287996 -12.10259792191 7.519270e-03    4.090080e+07    4.557924e-13
161.53470674557 -12.09731353493 6.064515e-02    4.090080e+07    7.001654e-15
161.52153998326 -12.09139583669 1.202448e-01    4.090080e+07    1.779487e-15
161.48368127955 -12.07436330542 2.920601e-01    4.090080e+07    3.009062e-16
161.53950695603 -12.09947058050 3.894328e-02    4.090080e+07    1.698481e-14
161.48071397234 -12.07302431672 3.055502e-01    4.090080e+07    2.748704e-16
161.51408360816 -12.08804189427 1.540487e-01    4.090080e+07    1.083688e-15
161.54536709060 -12.10210627590 1.247833e-02    4.090080e+07    1.654913e-13
161.54808967671 -12.10333362020 1.440473e-04    4.090080e+07    1.242090e-09
161.52506735937 -12.09297608191 1.043042e-01    4.090080e+07    2.365491e-15
161.48968262916 -12.07705868460 2.647870e-01    4.090080e+07    3.662260e-16
161.50349662424 -12.08327797608 2.020468e-01    4.090080e+07    6.295392e-16
161.54774703733 -12.10318339707 1.693309e-03    4.090080e+07    8.988383e-12
161.49876206455 -12.08114983333 2.235475e-01    4.090080e+07    5.141092e-16
161.54781551416 -12.10321170524 1.417553e-03    4.090080e+07    1.282558e-11
161.54337748027 -12.10121482312 2.147197e-02    4.090080e+07    5.588421e-14
161.53230645740 -12.09623791392 7.151712e-02    4.090080e+07    5.033917e-15
161.54756620336 -12.10309812197 2.540917e-03    4.090080e+07    3.991794e-12
161.46222611686 -12.06470591730 3.897207e-01    4.090080e+07    1.687609e-16
161.54470873451 -12.10181341245 1.543708e-02    4.090080e+07    1.081284e-13
161.48445532521 -12.07470542086 2.885390e-01    4.090080e+07    3.083103e-16
161.49833134603 -12.08094983746 2.255094e-01    4.090080e+07    5.051886e-16
161.53892051152 -12.09921518272 4.159810e-02    4.090080e+07    1.488547e-14
161.52843257015 -12.09448791849 8.905424e-02    4.090080e+07    3.245708e-15
161.54386452532 -12.10143117382 1.924989e-02    4.090080e+07    6.953281e-14
161.47782757953 -12.07172890718 3.186801e-01    4.090080e+07    2.526407e-16
161.47355310340 -12.06979733645 3.381587e-01    4.090080e+07    2.243122e-16
161.48039512986 -12.07287824971 3.070193e-01    4.090080e+07    2.722407e-16
161.50260872319 -12.08287363575 2.060875e-01    4.090080e+07    6.050602e-16
161.50960681546 -12.08602748728 1.743312e-01    4.090080e+07    8.459520e-16
161.46123172980 -12.06425400114 3.942541e-01    4.090080e+07    1.648917e-16
161.49593659770 -12.07987642620 2.363860e-01    4.090080e+07    4.596983e-16
161.47281108207 -12.06946739801 3.415229e-01    4.090080e+07    2.199042e-16
161.51179825263 -12.08701476959 1.643935e-01    4.090080e+07    9.514541e-16
161.49692550209 -12.08032247758 2.318754e-01    4.090080e+07    4.777874e-16
161.53755485591 -12.09859349091 4.778728e-02    4.090080e+07    1.127838e-14
161.50548645315 -12.08417087968 1.930299e-01    4.090080e+07    6.898148e-16
161.53112752107 -12.09570347656 7.686330e-02    4.090080e+07    4.357679e-15
161.53940418694 -12.09942859807 3.943178e-02    4.090080e+07    1.656647e-14
161.48901281082 -12.07676194362 2.678230e-01    4.090080e+07    3.579548e-16
161.46324536559 -12.06516329963 3.850723e-01    4.090080e+07    1.728712e-16
161.51388716277 -12.08794868600 1.549453e-01    4.090080e+07    1.071169e-15
161.54808436297 -12.10333611313 1.809269e-04    4.090080e+07    7.873304e-10
161.54782040345 -12.10321672324 1.372446e-03    4.090080e+07    1.368250e-11
161.51791384184 -12.08976586871 1.366734e-01    4.090080e+07    1.377079e-15
161.50174365856 -12.08248883166 2.100208e-01    4.090080e+07    5.825766e-16
161.54784194179 -12.10322454854 1.277338e-03    4.090080e+07    1.579594e-11
161.54644277347 -12.10259159145 7.622067e-03    4.090080e+07    4.435804e-13
161.54743198542 -12.10303811140 3.114864e-03    4.090080e+07    2.656239e-12
161.49111294568 -12.07770714416 2.582775e-01    4.090080e+07    3.849544e-16
161.51247594989 -12.08731900758 1.613257e-01    4.090080e+07    9.880267e-16
161.51666968452 -12.08920335673 1.423038e-01    4.090080e+07    1.270162e-15
161.52916131837 -12.09482281903 8.573459e-02    4.090080e+07    3.502085e-15
161.46778796296 -12.06720450656 3.643845e-01    4.090080e+07    1.931140e-16
161.52966394076 -12.09504195029 8.347948e-02    4.090080e+07    3.693969e-15
161.48015960037 -12.07277712790 3.080697e-01    4.090080e+07    2.703834e-16
161.49873161777 -12.08113050872 2.237076e-01    4.090080e+07    5.133724e-16
161.48810301422 -12.07635140610 2.719683e-01    4.090080e+07    3.471059e-16
161.52416224560 -12.09256961419 1.083860e-01    4.090080e+07    2.190554e-15
161.52053295697 -12.09093477663 1.248379e-01    4.090080e+07    1.650844e-15
161.46374732373 -12.06539026208 3.828016e-01    4.090080e+07    1.749337e-16
161.51621322319 -12.08899271550 1.443911e-01    4.090080e+07    1.233669e-15
161.48085315686 -12.07308668825 3.049289e-01    4.090080e+07    2.759942e-16
161.53854465574 -12.09903649923 4.331101e-02    4.090080e+07    1.373100e-14
161.49814032485 -12.08086414363 2.263799e-01    4.090080e+07    5.013046e-16
161.54132369743 -12.10029088808 3.073930e-02    4.090080e+07    2.726390e-14
161.50713449855 -12.08491609496 1.855613e-01    4.090080e+07    7.465389e-16
161.49576232357 -12.07980018947 2.371688e-01    4.090080e+07    4.566636e-16
161.51325890589 -12.08766470685 1.577802e-01    4.090080e+07    1.032982e-15
161.50204550820 -12.08261747186 2.086549e-01    4.090080e+07    5.902406e-16
161.51402530002 -12.08800970885 1.543093e-01    4.090080e+07    1.080026e-15
161.48556953394 -12.07520455877 2.835022e-01    4.090080e+07    3.193856e-16
161.48592352040 -12.07536528248 2.818830e-01    4.090080e+07    3.230726e-16
161.54637489611 -12.10256452904 7.917200e-03    4.090080e+07    4.111240e-13
161.53712932644 -12.09840819565 4.970844e-02    4.090080e+07    1.042316e-14
161.54596630805 -12.10238380570 9.734817e-03    4.090080e+07    2.719251e-13
161.54800428171 -12.10329361114 5.367715e-04    4.090080e+07    8.945042e-11
161.50772430392 -12.08517660658 1.829017e-01    4.090080e+07    7.684367e-16
161.52904438677 -12.09476372749 8.627785e-02    4.090080e+07    3.458095e-15
161.54769440373 -12.10316101399 1.930303e-03    4.090080e+07    6.916745e-12
161.53566179164 -12.09774014473 5.633957e-02    4.090080e+07    8.113197e-15
