#        RA [deg]       Dec [deg]  beta    #n scale factor   tot flux [Jy]
161.53891572039 -12.10045426764 3.254747e-03    1.102775e+05    6.105621e-15
161.52864954504 -12.09723322970 6.885693e-03    1.102775e+05    1.363570e-15
161.48856016631 -12.08459036082 2.108540e-02    1.102775e+05    1.451651e-16
161.54662628101 -12.10286997244 5.285087e-04    1.102775e+05    2.316346e-13
161.46714985158 -12.07784011844 2.869458e-02    1.102775e+05    7.831163e-17
161.53609812530 -12.09957463820 4.247252e-03    1.102775e+05    3.585054e-15
161.44265218955 -12.07011643687 3.740389e-02    1.102775e+05    4.604000e-17
161.46915976439 -12.07848108278 2.797513e-02    1.102775e+05    8.239852e-17
161.51456349537 -12.09278668940 1.187017e-02    1.102775e+05    4.585603e-16
161.49734877948 -12.08734648412 1.797403e-02    1.102775e+05    1.998474e-16
161.44878021444 -12.07204700642 3.522413e-02    1.102775e+05    5.192811e-17
161.53290443482 -12.09855296658 5.380789e-03    1.102775e+05    2.233368e-15
161.47658694112 -12.08081888918 2.534071e-02    1.102775e+05    1.004534e-16
161.45328719285 -12.07349446357 3.361989e-02    1.102775e+05    5.701312e-17
161.49678417594 -12.08718292109 1.816884e-02    1.102775e+05    1.955802e-16
161.47229834451 -12.07946232935 2.686601e-02    1.102775e+05    8.935435e-17
161.52701778965 -12.09670107977 7.459217e-03    1.102775e+05    1.161867e-15
161.49735377047 -12.08737799178 1.796817e-02    1.102775e+05    1.999781e-16
161.52658945946 -12.09656559629 7.611728e-03    1.102775e+05    1.115754e-15
161.54344649220 -12.10188466137 1.654456e-03    1.102775e+05    2.363402e-14
161.49995373043 -12.08817732250 1.704907e-02    1.102775e+05    2.221450e-16
161.45993711180 -12.07557491183 3.125341e-02    1.102775e+05    6.599287e-17
161.54118036800 -12.10115509065 2.456580e-03    1.102775e+05    1.071875e-14
161.52511952771 -12.09610786555 8.131618e-03    1.102775e+05    9.775821e-16
161.52226963011 -12.09521097272 9.148892e-03    1.102775e+05    7.721768e-16
161.43674192161 -12.06825650832 3.951081e-02    1.102775e+05    4.125022e-17
161.49837719245 -12.08768217090 1.760536e-02    1.102775e+05    2.083142e-16
161.45393121957 -12.07368889375 3.339474e-02    1.102775e+05    5.778607e-17
161.45385997090 -12.07366757584 3.341024e-02    1.102775e+05    5.773236e-17
161.54473047983 -12.10228650033 1.194681e-03    1.102775e+05    4.532821e-14
161.54411591679 -12.10207623846 1.416420e-03    1.102775e+05    3.224609e-14
161.48508328228 -12.08351073246 2.231934e-02    1.102775e+05    1.295384e-16
161.53427610775 -12.09899260415 4.890935e-03    1.102775e+05    2.703300e-15
161.52039334932 -12.09460519196 9.812077e-03    1.102775e+05    6.712696e-16
161.54675036165 -12.10291568377 4.817933e-04    1.102775e+05    2.787330e-13
161.48068183995 -12.08211604722 2.389011e-02    1.102775e+05    1.130426e-16
161.48003644693 -12.08191212247 2.410980e-02    1.102775e+05    1.109889e-16
161.52637627064 -12.09650435745 7.687857e-03    1.102775e+05    1.093756e-15
161.48700564829 -12.08411764921 2.164229e-02    1.102775e+05    1.377813e-16
161.48214553724 -12.08258782496 2.336602e-02    1.102775e+05    1.181780e-16
161.46749363519 -12.07796869851 2.856955e-02    1.102775e+05    7.899982e-17
161.54810478012 -12.10334314471 1.156946e-05    1.102775e+05    4.834027e-10
161.46187674536 -12.07620340240 3.056343e-02    1.102775e+05    6.901187e-17
161.54713224576 -12.10302406331 3.534936e-04    1.102775e+05    5.177901e-13
161.54524234514 -12.10242909691 1.021159e-03    1.102775e+05    6.204326e-14
161.49813416837 -12.08761522564 1.769577e-02    1.102775e+05    2.061889e-16
161.52463020836 -12.09594459995 8.313291e-03    1.102775e+05    9.353021e-16
161.50253464587 -12.08899833606 1.613890e-02    1.102775e+05    2.479352e-16
161.44990346378 -12.07242538736 3.482583e-02    1.102775e+05    5.312527e-17
161.53758252917 -12.10003148262 3.723033e-03    1.102775e+05    4.666011e-15
161.54804079640 -12.10333685182 3.118741e-05    1.102775e+05    6.652351e-11
161.54076891104 -12.10103351112 2.600943e-03    1.102775e+05    9.561732e-15
161.47654293723 -12.08081081235 2.535904e-02    1.102775e+05    1.003081e-16
161.54484912955 -12.10231927719 1.162792e-03    1.102775e+05    4.784873e-14
161.48957569050 -12.08491843365 2.072442e-02    1.102775e+05    1.502727e-16
161.53203940373 -12.09829789377 5.683242e-03    1.102775e+05    2.001907e-15
161.52912218374 -12.09737508856 6.720018e-03    1.102775e+05    1.431663e-15
161.49274077585 -12.08591242944 1.960278e-02    1.102775e+05    1.679842e-16
161.48354270537 -12.08301309578 2.287038e-02    1.102775e+05    1.233632e-16
161.53673460928 -12.09976959387 4.021306e-03    1.102775e+05    3.999350e-15
161.49749200810 -12.08739765665 1.792219e-02    1.102775e+05    2.010064e-16
161.54809333899 -12.10333330644 9.258945e-06    1.102775e+05    7.547656e-10
161.45960410293 -12.07547086148 3.137661e-02    1.102775e+05    6.547464e-17
161.44479714522 -12.07081303942 3.663573e-02    1.102775e+05    4.799536e-17
161.50013464133 -12.08825117666 1.698191e-02    1.102775e+05    2.239075e-16
161.52986246316 -12.09758844669 6.458126e-03    1.102775e+05    1.550182e-15
161.52270627007 -12.09535343083 8.987128e-03    1.102775e+05    8.002401e-16
161.49177281783 -12.08561455186 1.994595e-02    1.102775e+05    1.622469e-16
161.51337301582 -12.09242225484 1.229373e-02    1.102775e+05    4.274854e-16
161.49672656864 -12.08717966366 1.819144e-02    1.102775e+05    1.950940e-16
161.54633614209 -12.10279621923 6.273996e-04    1.102775e+05    1.643667e-13
161.54781978037 -12.10326711964 1.070915e-04    1.102775e+05    5.641832e-12
161.50625509347 -12.09016449912 1.481210e-02    1.102775e+05    2.943898e-16
161.49009940291 -12.08507300513 2.054869e-02    1.102775e+05    1.528572e-16
161.51153769248 -12.09183203449 1.294513e-02    1.102775e+05    3.855147e-16
161.51529646999 -12.09302820008 1.161229e-02    1.102775e+05    4.791683e-16
161.54778410669 -12.10325117822 1.211596e-04    1.102775e+05    4.407710e-12
161.54760543922 -12.10317176809 1.844266e-04    1.102775e+05    1.902299e-12
161.53060879033 -12.09783654390 6.191014e-03    1.102775e+05    1.686886e-15
161.46267788578 -12.07644022124 3.028349e-02    1.102775e+05    7.029602e-17
161.52940228194 -12.09745374389 6.615157e-03    1.102775e+05    1.477430e-15
161.54755900660 -12.10316726353 1.991275e-04    1.102775e+05    1.631784e-12
161.47107976341 -12.07908989614 2.729179e-02    1.102775e+05    8.658365e-17
161.48864025576 -12.08461677022 2.105891e-02    1.102775e+05    1.455310e-16
161.53806201001 -12.10018279309 3.558240e-03    1.102775e+05    5.108318e-15
161.49642444106 -12.08707779773 1.830275e-02    1.102775e+05    1.927257e-16
161.54705713307 -12.10300458188 3.818731e-04    1.102775e+05    4.436874e-13
161.47920792209 -12.08165774048 2.440521e-02    1.102775e+05    1.083145e-16
161.43939968502 -12.06911048911 3.856488e-02    1.102775e+05    4.330358e-17
161.51736422126 -12.09365840847 1.088214e-02    1.102775e+05    5.456751e-16
161.50212794989 -12.08887575654 1.628153e-02    1.102775e+05    2.436060e-16
161.52873392355 -12.09723305651 6.857918e-03    1.102775e+05    1.374643e-15
161.53976316218 -12.10070541295 2.959935e-03    1.102775e+05    7.382701e-15
161.52901435054 -12.09732501456 6.754337e-03    1.102775e+05    1.417145e-15
161.53122310030 -12.09803554931 5.970821e-03    1.102775e+05    1.813648e-15
161.45993300562 -12.07557573567 3.125593e-02    1.102775e+05    6.598218e-17
161.51309578759 -12.09233108315 1.238997e-02    1.102775e+05    4.208648e-16
161.51268854869 -12.09219780274 1.253225e-02    1.102775e+05    4.113559e-16
161.54472571689 -12.10228779255 1.198243e-03    1.102775e+05    4.505905e-14
161.54375592159 -12.10197106923 1.548638e-03    1.102775e+05    2.697456e-14
161.47873572357 -12.08151170082 2.457796e-02    1.102775e+05    1.067950e-16
161.54167170437 -12.10132481890 2.276379e-03    1.102775e+05    1.248321e-14
161.53080233087 -12.09788828695 6.127568e-03    1.102775e+05    1.722014e-15
161.54737409622 -12.10310200208 2.696864e-04    1.102775e+05    8.896175e-13
161.54811302361 -12.10334258265 1.007279e-07    1.102775e+05    6.377288e-06
161.47021007303 -12.07882369799 2.760377e-02    1.102775e+05    8.463438e-17
161.47288686585 -12.07964333963 2.665523e-02    1.102775e+05    9.077546e-17
161.47619867607 -12.08071042576 2.547318e-02    1.102775e+05    9.940975e-17
161.51036526194 -12.09145027252 1.336049e-02    1.102775e+05    3.618994e-16
161.44872337869 -12.07203534216 3.523943e-02    1.102775e+05    5.188295e-17
161.52657285068 -12.09655864021 7.621972e-03    1.102775e+05    1.112754e-15
161.52844837621 -12.09714832011 6.953715e-03    1.102775e+05    1.337013e-15
161.54710508776 -12.10303979029 3.562040e-04    1.102775e+05    5.099399e-13
161.54809390176 -12.10333324017 7.798626e-06    1.102775e+05    1.063895e-09
161.52162126847 -12.09501700715 9.372048e-03    1.102775e+05    7.358222e-16
161.48761996477 -12.08429148907 2.142631e-02    1.102775e+05    1.405768e-16
161.50552063291 -12.08993207594 1.507193e-02    1.102775e+05    2.843181e-16
161.54756088975 -12.10318093613 1.947051e-04    1.102775e+05    1.706752e-12
161.52329809617 -12.09552144971 8.778333e-03    1.102775e+05    8.387823e-16
161.49575664354 -12.08687163550 1.853397e-02    1.102775e+05    1.879417e-16
161.54625718153 -12.10277679198 6.569805e-04    1.102775e+05    1.498980e-13
161.49308153127 -12.08602962183 1.948734e-02    1.102775e+05    1.699828e-16
161.53035911503 -12.09775947565 6.280370e-03    1.102775e+05    1.639208e-15
161.52390599710 -12.09571165698 8.565510e-03    1.102775e+05    8.810046e-16
161.51496411736 -12.09290536760 1.172765e-02    1.102775e+05    4.697819e-16
161.44621347418 -12.07124689723 3.614084e-02    1.102775e+05    4.932177e-17
161.54018195831 -12.10083741239 2.808305e-03    1.102775e+05    8.201610e-15
161.50800909508 -12.09073300712 1.419487e-02    1.102775e+05    3.205718e-16
161.53179467793 -12.09820839313 5.777539e-03    1.102775e+05    1.937070e-15
161.52991954280 -12.09761528656 6.437605e-03    1.102775e+05    1.560083e-15
161.47519810841 -12.08038448908 2.583722e-02    1.102775e+05    9.662388e-17
161.45210356694 -12.07311307453 3.403858e-02    1.102775e+05    5.561639e-17
161.54153830390 -12.10127959598 2.323288e-03    1.102775e+05    1.198414e-14
161.43835621269 -12.06877424836 3.892761e-02    1.102775e+05    4.249846e-17
161.54625279895 -12.10276197811 6.583379e-04    1.102775e+05    1.492804e-13
161.46669008033 -12.07770458754 2.885102e-02    1.102775e+05    7.746324e-17
161.47433520123 -12.08011321798 2.614098e-02    1.102775e+05    9.438800e-17
161.49977806545 -12.08812824109 1.710740e-02    1.102775e+05    2.206315e-16
161.50949695410 -12.09119473532 1.366295e-02    1.102775e+05    3.460409e-16
161.54808702729 -12.10334009549 8.411293e-06    1.102775e+05    9.145543e-10
161.45905587280 -12.07530769800 3.156977e-02    1.102775e+05    6.467436e-17
161.54810366670 -12.10335756069 4.143728e-06    1.102775e+05    3.768363e-09
161.54487533284 -12.10232210634 1.152972e-03    1.102775e+05    4.866731e-14
161.54574327606 -12.10261114311 8.375076e-04    1.102775e+05    9.223882e-14
161.54309550316 -12.10176532491 1.776197e-03    1.102775e+05    2.050500e-14
161.47100836610 -12.07905067827 2.732254e-02    1.102775e+05    8.638849e-17
161.54772610121 -12.10323174365 1.385868e-04    1.102775e+05    3.368871e-12
161.47604751602 -12.08066574643 2.552786e-02    1.102775e+05    9.898371e-17
161.52647979297 -12.09652806767 7.657672e-03    1.102775e+05    1.102398e-15
161.54785660514 -12.10326066978 9.641108e-05    1.102775e+05    6.961080e-12
161.49786173285 -12.08750959787 1.779391e-02    1.102775e+05    2.039185e-16
161.50072784823 -12.08842052464 1.677233e-02    1.102775e+05    2.295440e-16
161.54475047919 -12.10228266230 1.197585e-03    1.102775e+05    4.510862e-14
161.54346240519 -12.10188822093 1.646935e-03    1.102775e+05    2.385041e-14
161.51526679162 -12.09301950415 1.162108e-02    1.102775e+05    4.784435e-16
161.50037886927 -12.08832488024 1.690030e-02    1.102775e+05    2.260775e-16
161.50187879645 -12.08879031470 1.636420e-02    1.102775e+05    2.411483e-16
161.53967018789 -12.10069054708 2.984190e-03    1.102775e+05    7.263156e-15
161.46127445079 -12.07599711827 3.077734e-02    1.102775e+05    6.805416e-17
161.54298831400 -12.10174302354 1.816060e-03    1.102775e+05    1.961460e-14
161.53127617409 -12.09803143022 5.956846e-03    1.102775e+05    1.822171e-15
161.54268285659 -12.10162608024 1.928123e-03    1.102775e+05    1.740060e-14
161.52196278266 -12.09511288041 9.247808e-03    1.102775e+05    7.557376e-16
161.51127768938 -12.09174922172 1.303351e-02    1.102775e+05    3.803002e-16
161.54758007592 -12.10318690301 1.937263e-04    1.102775e+05    1.724043e-12
161.51480335754 -12.09286456442 1.178720e-02    1.102775e+05    4.650431e-16
161.53447662034 -12.09904793190 4.820948e-03    1.102775e+05    2.782382e-15
161.52360749330 -12.09562163663 8.674579e-03    1.102775e+05    8.589776e-16
161.54461798535 -12.10226053154 1.236172e-03    1.102775e+05    4.233626e-14
161.53985432242 -12.10074994150 2.926463e-03    1.102775e+05    7.552574e-15
161.54164799093 -12.10131611023 2.283917e-03    1.102775e+05    1.240094e-14
161.54803642031 -12.10333507063 3.128620e-05    1.102775e+05    6.610406e-11
161.52045388792 -12.09462625602 9.784891e-03    1.102775e+05    6.750071e-16
161.48261630417 -12.08271389634 2.320398e-02    1.102775e+05    1.198366e-16
161.44702772691 -12.07150366147 3.585013e-02    1.102775e+05    5.012669e-17
161.54518810897 -12.10242104661 1.043114e-03    1.102775e+05    5.945889e-14
161.48433908698 -12.08325387962 2.258596e-02    1.102775e+05    1.264940e-16
161.49649775381 -12.08709467352 1.827010e-02    1.102775e+05    1.934159e-16
161.54795145960 -12.10330124837 6.153320e-05    1.102775e+05    1.708887e-11
161.54769180905 -12.10322260198 1.565961e-04    1.102775e+05    2.638550e-12
161.51203967112 -12.09197545791 1.276612e-02    1.102775e+05    3.964111e-16
161.47875121331 -12.08150761947 2.456780e-02    1.102775e+05    1.068835e-16
161.52567437944 -12.09627022220 7.939543e-03    1.102775e+05    1.025479e-15
161.53930269519 -12.10055935214 3.118438e-03    1.102775e+05    6.651154e-15
161.54809567029 -12.10333765634 1.514126e-05    1.102775e+05    2.822350e-10
161.53228668527 -12.09835488201 5.596491e-03    1.102775e+05    2.064473e-15
161.54808192739 -12.10334741770 1.183489e-05    1.102775e+05    4.619620e-10
161.52515895212 -12.09610715697 8.120550e-03    1.102775e+05    9.802504e-16
161.48483848629 -12.08341757194 2.240607e-02    1.102775e+05    1.285361e-16
161.54557945131 -12.10254521502 8.955551e-04    1.102775e+05    8.066846e-14
161.49601826639 -12.08692914973 1.844584e-02    1.102775e+05    1.897438e-16
161.53127697773 -12.09804477885 5.961628e-03    1.102775e+05    1.819247e-15
161.54562972163 -12.10255129172 8.856135e-04    1.102775e+05    8.248982e-14
161.51772962143 -12.09378340862 1.075459e-02    1.102775e+05    5.587041e-16
161.48159369857 -12.08239190130 2.356727e-02    1.102775e+05    1.161654e-16
161.53332047825 -12.09869961737 5.230279e-03    1.102775e+05    2.363797e-15
161.47911872982 -12.08162566782 2.444089e-02    1.102775e+05    1.079980e-16
161.53072870696 -12.09786713542 6.156065e-03    1.102775e+05    1.706102e-15
161.54144299265 -12.10124805339 2.366377e-03    1.102775e+05    1.155162e-14
161.46035879350 -12.07572070277 3.110745e-02    1.102775e+05    6.661477e-17
161.54780339134 -12.10325579618 1.148018e-04    1.102775e+05    4.909442e-12
161.54607514853 -12.10269024763 7.271689e-04    1.102775e+05    1.223563e-13
161.48665590108 -12.08400769180 2.176244e-02    1.102775e+05    1.362621e-16
161.46939162119 -12.07854189220 2.789572e-02    1.102775e+05    8.286916e-17
161.54662221245 -12.10287697597 5.345464e-04    1.102775e+05    2.264312e-13
161.53796553460 -12.10014876121 3.594339e-03    1.102775e+05    5.006201e-15
161.54784583146 -12.10326052181 9.471061e-05    1.102775e+05    7.213289e-12
161.53528020756 -12.09930021948 4.537657e-03    1.102775e+05    3.140748e-15
161.45893850009 -12.07527121234 3.161030e-02    1.102775e+05    6.450831e-17
161.51164506028 -12.09186402188 1.290769e-02    1.102775e+05    3.877561e-16
161.54402635759 -12.10207232615 1.445959e-03    1.102775e+05    3.094191e-14
161.48226835799 -12.08261073211 2.332765e-02    1.102775e+05    1.185677e-16
161.49023053326 -12.08513111760 2.049955e-02    1.102775e+05    1.535919e-16
161.53426477249 -12.09898677359 4.894915e-03    1.102775e+05    2.698904e-15
161.52958398365 -12.09749887943 6.555412e-03    1.102775e+05    1.504493e-15
161.51852707408 -12.09403428114 1.046466e-02    1.102775e+05    5.901113e-16
161.54687015072 -12.10295843155 4.402714e-04    1.102775e+05    3.337886e-13
161.43785663438 -12.06862908868 3.910469e-02    1.102775e+05    4.211355e-17
161.51503594825 -12.09293068873 1.170534e-02    1.102775e+05    4.715754e-16
161.49145824035 -12.08551306532 2.006331e-02    1.102775e+05    1.603520e-16
161.49957525090 -12.08805710910 1.717946e-02    1.102775e+05    2.187823e-16
161.54388626173 -12.10202278123 1.501516e-03    1.102775e+05    2.869434e-14
161.49911529138 -12.08791514935 1.735176e-02    1.102775e+05    2.144546e-16
161.44177131899 -12.06985870386 3.771852e-02    1.102775e+05    4.527336e-17
161.47674283694 -12.08086777760 2.528021e-02    1.102775e+05    1.009356e-16
161.44615720665 -12.07124627500 3.615533e-02    1.102775e+05    4.928214e-17
161.53969347632 -12.10070454084 2.976085e-03    1.102775e+05    7.302773e-15
161.49694055714 -12.08723583116 1.812172e-02    1.102775e+05    1.965999e-16
161.45482706464 -12.07396308796 3.306833e-02    1.102775e+05    5.893483e-17
161.53255753922 -12.09846385315 5.500943e-03    1.102775e+05    2.136838e-15
161.49557008404 -12.08680340015 1.860600e-02    1.102775e+05    1.864876e-16
161.54813253166 -12.10334749906 2.825465e-06    1.102775e+05    8.105044e-09
161.54771997790 -12.10323745832 1.421583e-04    1.102775e+05    3.201723e-12
161.51995726917 -12.09447717159 9.966900e-03    1.102775e+05    6.505649e-16
161.54253958738 -12.10158810691 1.976013e-03    1.102775e+05    1.656730e-14
161.53496156312 -12.09919844487 4.651635e-03    1.102775e+05    2.988680e-15
161.43963107855 -12.06918701091 3.847426e-02    1.102775e+05    4.350829e-17
161.54729352498 -12.10308707613 2.904692e-04    1.102775e+05    7.668670e-13
161.45808288979 -12.07498563404 3.191035e-02    1.102775e+05    6.329861e-17
161.51379805235 -12.09254611152 1.214712e-02    1.102775e+05    4.378743e-16
161.50685745783 -12.09036864810 1.459819e-02    1.102775e+05    3.030883e-16
161.51107607601 -12.09167688816 1.310434e-02    1.102775e+05    3.761971e-16
161.47845611532 -12.08140396142 2.467265e-02    1.102775e+05    1.059756e-16
161.51057950604 -12.09152523317 1.328146e-02    1.102775e+05    3.662224e-16
161.48757505391 -12.08428226132 2.143586e-02    1.102775e+05    1.404513e-16
161.51455048304 -12.09278296848 1.188114e-02    1.102775e+05    4.577136e-16
161.52737534147 -12.09681609299 7.339689e-03    1.102775e+05    1.200034e-15
161.52057816935 -12.09468673303 9.740745e-03    1.102775e+05    6.811433e-16
161.48206869928 -12.08255147919 2.339167e-02    1.102775e+05    1.179186e-16
161.46945253839 -12.07858397743 2.787367e-02    1.102775e+05    8.300058e-17
161.54059568188 -12.10097994560 2.666218e-03    1.102775e+05    9.099209e-15
161.53239663174 -12.09841209862 5.559457e-03    1.102775e+05    2.092079e-15
161.46658798463 -12.07765921388 2.889159e-02    1.102775e+05    7.724541e-17
161.48334250295 -12.08293945391 2.294059e-02    1.102775e+05    1.226081e-16
161.51537898765 -12.09304561239 1.157875e-02    1.102775e+05    4.819506e-16
161.52377416543 -12.09567539762 8.612408e-03    1.102775e+05    8.714311e-16
161.50059189661 -12.08839166987 1.682130e-02    1.102775e+05    2.282081e-16
161.44698794543 -12.07150905151 3.585678e-02    1.102775e+05    5.010802e-17
161.48956450871 -12.08492501132 2.073239e-02    1.102775e+05    1.501570e-16
161.54490408454 -12.10232759106 1.139968e-03    1.102775e+05    4.978402e-14
161.50306744778 -12.08915961764 1.594465e-02    1.102775e+05    2.540193e-16
161.52031820712 -12.09459524409 9.838351e-03    1.102775e+05    6.676868e-16
161.53497049152 -12.09921437010 4.645190e-03    1.102775e+05    2.996980e-15
161.45640243768 -12.07446874584 3.251077e-02    1.102775e+05    6.097775e-17
161.48669749478 -12.08399276320 2.175069e-02    1.102775e+05    1.364097e-16
161.51354294398 -12.09247673100 1.223240e-02    1.102775e+05    4.317856e-16
161.49971458834 -12.08811229450 1.713246e-02    1.102775e+05    2.199857e-16
161.54500963090 -12.10237799399 1.102431e-03    1.102775e+05    5.323215e-14
161.50108879565 -12.08854378310 1.664943e-02    1.102775e+05    2.329488e-16
161.53746583228 -12.10000611817 3.764246e-03    1.102775e+05    4.564373e-15
161.54560466883 -12.10254238470 8.929220e-04    1.102775e+05    8.114494e-14
161.54689041873 -12.10294703519 4.387654e-04    1.102775e+05    3.360839e-13
161.53583468301 -12.09947179870 4.349757e-03    1.102775e+05    3.418035e-15
161.47914946364 -12.08164017030 2.443182e-02    1.102775e+05    1.080783e-16
161.54738077059 -12.10312356913 2.661666e-04    1.102775e+05    9.133018e-13
161.54801283322 -12.10330250065 3.901099e-05    1.102775e+05    4.251670e-11
161.54744031086 -12.10314016846 2.435336e-04    1.102775e+05    1.090951e-12
161.46555662730 -12.07733632957 2.925891e-02    1.102775e+05    7.531475e-17
161.54421043026 -12.10212701532 1.386077e-03    1.102775e+05    3.367344e-14
161.49794184498 -12.08753998182 1.776692e-02    1.102775e+05    2.045391e-16
161.49460684381 -12.08650187539 1.894275e-02    1.102775e+05    1.799090e-16
161.44751659623 -12.07165056552 3.567517e-02    1.102775e+05    5.062060e-17
161.46203782552 -12.07622987912 3.050760e-02    1.102775e+05    6.926513e-17
161.51890748683 -12.09416173007 1.033607e-02    1.102775e+05    6.048962e-16
161.48219417756 -12.08259737993 2.335192e-02    1.102775e+05    1.183209e-16
161.50382581675 -12.08941193584 1.567951e-02    1.102775e+05    2.626910e-16
161.53217106790 -12.09833202903 5.641435e-03    1.102775e+05    2.031698e-15
161.54550956105 -12.10252304320 9.236405e-04    1.102775e+05    7.583692e-14
161.54594574668 -12.10266574203 7.650108e-04    1.102775e+05    1.105503e-13
161.53889772763 -12.10045644082 3.259632e-03    1.102775e+05    6.087329e-15
161.54116434089 -12.10114989153 2.457104e-03    1.102775e+05    1.071418e-14
161.48107984691 -12.08225218638 2.374320e-02    1.102775e+05    1.144479e-16
161.43769642893 -12.06858253440 3.916459e-02    1.102775e+05    4.198451e-17
161.52254779771 -12.09529695420 9.043215e-03    1.102775e+05    7.903391e-16
161.54711152496 -12.10304154418 3.546911e-04    1.102775e+05    5.142996e-13
161.54795862945 -12.10328994336 5.818188e-05    1.102775e+05    1.911422e-11
161.54245053549 -12.10155521385 2.005357e-03    1.102775e+05    1.608595e-14
161.54749710126 -12.10315999226 2.171231e-04    1.102775e+05    1.372499e-12
161.54807992351 -12.10334828888 1.538915e-05    1.102775e+05    2.732153e-10
161.53968437213 -12.10070123433 2.982003e-03    1.102775e+05    7.273810e-15
161.51571883044 -12.09315903268 1.146315e-02    1.102775e+05    4.917265e-16
161.48772735055 -12.08433330354 2.138952e-02    1.102775e+05    1.410613e-16
161.47201425528 -12.07937628698 2.696149e-02    1.102775e+05    8.872166e-17
161.53065216760 -12.09784133473 6.177384e-03    1.102775e+05    1.694341e-15
161.54324447856 -12.10181717417 1.720245e-03    1.102775e+05    2.186070e-14
161.54624148507 -12.10277017776 6.655768e-04    1.102775e+05    1.460508e-13
161.48758769586 -12.08430034176 2.143632e-02    1.102775e+05    1.404453e-16
161.51626161519 -12.09330862712 1.127017e-02    1.102775e+05    5.087228e-16
161.43931866664 -12.06909232717 3.859129e-02    1.102775e+05    4.324421e-17
161.51783377380 -12.09380299912 1.071621e-02    1.102775e+05    5.627161e-16
161.51102714500 -12.09166051553 1.312241e-02    1.102775e+05    3.751609e-16
161.54090712381 -12.10106997838 2.555835e-03    1.102775e+05    9.902285e-15
161.50911334130 -12.09107840076 1.379940e-02    1.102775e+05    3.392257e-16
161.44144884097 -12.06974154371 3.783495e-02    1.102775e+05    4.499454e-17
161.54420167959 -12.10210373784 1.387061e-03    1.102775e+05    3.362569e-14
161.47902362379 -12.08160430915 2.447287e-02    1.102775e+05    1.077155e-16
161.54649476570 -12.10285070647 5.753293e-04    1.102775e+05    1.954663e-13
161.54749241407 -12.10314101088 2.253512e-04    1.102775e+05    1.274100e-12
161.52487047358 -12.09603993667 8.221853e-03    1.102775e+05    9.562316e-16
161.45808752567 -12.07500600160 3.190786e-02    1.102775e+05    6.330851e-17
161.53545816333 -12.09936922503 4.478432e-03    1.102775e+05    3.224389e-15
161.49734519308 -12.08736243473 1.797288e-02    1.102775e+05    1.998731e-16
161.54196117548 -12.10141652949 2.173364e-03    1.102775e+05    1.369481e-14
161.51100211304 -12.09166387079 1.312877e-02    1.102775e+05    3.747972e-16
161.44727287679 -12.07160051296 3.575596e-02    1.102775e+05    5.039163e-17
161.54448084046 -12.10221659923 1.288969e-03    1.102775e+05    3.893881e-14
161.50727925589 -12.09047995950 1.445312e-02    1.102775e+05    3.092086e-16
161.54008065324 -12.10082515222 2.839521e-03    1.102775e+05    8.022240e-15
161.53989866342 -12.10075764665 2.912936e-03    1.102775e+05    7.622898e-15
161.54540425527 -12.10249670019 9.635706e-04    1.102775e+05    6.968149e-14
161.54742336188 -12.10313805785 2.512918e-04    1.102775e+05    1.024626e-12
161.54203410093 -12.10143836503 2.156776e-03    1.102775e+05    1.390630e-14
161.52460299647 -12.09593864113 8.319177e-03    1.102775e+05    9.339778e-16
161.48821166507 -12.08447806866 2.121300e-02    1.102775e+05    1.434219e-16
161.49295995778 -12.08596550846 1.952944e-02    1.102775e+05    1.692498e-16
161.46218871135 -12.07629244470 3.045687e-02    1.102775e+05    6.949654e-17
161.51161371514 -12.09186128708 1.292031e-02    1.102775e+05    3.869987e-16
161.54037700289 -12.10091912838 2.740868e-03    1.102775e+05    8.610229e-15
161.50908769250 -12.09106431743 1.381184e-02    1.102775e+05    3.386147e-16
161.49048481337 -12.08520094291 2.040555e-02    1.102775e+05    1.550120e-16
161.53410156217 -12.09892043271 4.960281e-03    1.102775e+05    2.628220e-15
161.48562438147 -12.08367210249 2.213057e-02    1.102775e+05    1.317607e-16
161.53388264677 -12.09886555793 5.033364e-03    1.102775e+05    2.552428e-15
161.54801941424 -12.10330408345 4.143996e-05    1.102775e+05    3.767858e-11
161.50558062301 -12.08996242581 1.505227e-02    1.102775e+05    2.850619e-16
161.54225895756 -12.10148948785 2.074909e-03    1.102775e+05    1.502547e-14
161.49182461428 -12.08562949746 1.993149e-02    1.102775e+05    1.624826e-16
161.53405717835 -12.09891297630 4.978424e-03    1.102775e+05    2.609093e-15
161.54726009863 -12.10307594552 3.109566e-04    1.102775e+05    6.691438e-13
161.46106697160 -12.07592392137 3.085238e-02    1.102775e+05    6.772285e-17
161.54310114391 -12.10176768721 1.771597e-03    1.102775e+05    2.061162e-14
161.47786380656 -12.08121858319 2.488553e-02    1.102775e+05    1.041675e-16
161.53369967615 -12.09879383073 5.102351e-03    1.102775e+05    2.483855e-15
161.53810808281 -12.10021101017 3.537868e-03    1.102775e+05    5.167325e-15
161.50738484956 -12.09053013876 1.441116e-02    1.102775e+05    3.110133e-16
161.51554891734 -12.09309432701 1.152256e-02    1.102775e+05    4.866660e-16
161.46443824079 -12.07700815022 2.965458e-02    1.102775e+05    7.331492e-17
161.49585430274 -12.08688999938 1.849778e-02    1.102775e+05    1.886787e-16
161.54501639036 -12.10237574746 1.093581e-03    1.102775e+05    5.409737e-14
161.53792473787 -12.10012655693 3.608835e-03    1.102775e+05    4.966053e-15
161.52540205049 -12.09620030984 8.039024e-03    1.102775e+05    1.000243e-15
161.54508874297 -12.10238428185 1.070684e-03    1.102775e+05    5.643605e-14
161.51628350062 -12.09333400145 1.126217e-02    1.102775e+05    5.094463e-16
161.54759770831 -12.10316956980 1.871957e-04    1.102775e+05    1.846435e-12
161.52903649697 -12.09732815518 6.748865e-03    1.102775e+05    1.419445e-15
161.54813373859 -12.10334544516 4.194068e-07    1.102775e+05    3.678449e-07
161.46111084889 -12.07594766958 3.084117e-02    1.102775e+05    6.777218e-17
161.54810870295 -12.10335265519 5.425930e-06    1.102775e+05    2.197792e-09
161.51625951977 -12.09332721112 1.126726e-02    1.102775e+05    5.089860e-16
161.46590334043 -12.07745427037 2.913912e-02    1.102775e+05    7.593637e-17
161.53704225479 -12.09986324334 3.921726e-03    1.102775e+05    4.205080e-15
161.52890094614 -12.09729035957 6.802313e-03    1.102775e+05    1.397218e-15
161.50916684317 -12.09107972012 1.377987e-02    1.102775e+05    3.401889e-16
161.50062799267 -12.08840286230 1.681304e-02    1.102775e+05    2.284328e-16
161.50558846429 -12.08996558548 1.504822e-02    1.102775e+05    2.852156e-16
161.54340903893 -12.10185669164 1.671309e-03    1.102775e+05    2.315975e-14
161.54696101559 -12.10299239028 4.139777e-04    1.102775e+05    3.775371e-13
161.54003803153 -12.10081319005 2.859905e-03    1.102775e+05    7.908268e-15
161.54494637997 -12.10235437040 1.125909e-03    1.102775e+05    5.103518e-14
161.53038612483 -12.09777159769 6.267436e-03    1.102775e+05    1.645985e-15
161.52430878325 -12.09585003587 8.426846e-03    1.102775e+05    9.102524e-16
161.54222879984 -12.10150460467 2.081050e-03    1.102775e+05    1.493690e-14
161.48246392842 -12.08266205866 2.325150e-02    1.102775e+05    1.193467e-16
161.53822762269 -12.10023603968 3.497519e-03    1.102775e+05    5.287263e-15
161.51058229017 -12.09154307499 1.328028e-02    1.102775e+05    3.662874e-16
161.54795350985 -12.10329088999 6.562746e-05    1.102775e+05    1.502314e-11
161.52517541819 -12.09613436446 8.111001e-03    1.102775e+05    9.825610e-16
161.54729780730 -12.10310309261 2.889637e-04    1.102775e+05    7.748786e-13
161.54771070083 -12.10323305466 1.477469e-04    1.102775e+05    2.964088e-12
161.50761966849 -12.09059812039 1.433488e-02    1.102775e+05    3.143352e-16
161.53449581271 -12.09904997641 4.822989e-03    1.102775e+05    2.780026e-15
161.48973340937 -12.08496608428 2.067584e-02    1.102775e+05    1.509806e-16
161.44463836488 -12.07075215667 3.669267e-02    1.102775e+05    4.784620e-17
161.47737556479 -12.08106706308 2.506489e-02    1.102775e+05    1.026799e-16
161.51265968467 -12.09218620234 1.255167e-02    1.102775e+05    4.100829e-16
161.54133068264 -12.10122392810 2.399987e-03    1.102775e+05    1.123029e-14
161.47712541614 -12.08100250478 2.515061e-02    1.102775e+05    1.019801e-16
161.53101211273 -12.09795703153 6.055691e-03    1.102775e+05    1.763150e-15
161.49000979031 -12.08506221248 2.057755e-02    1.102775e+05    1.524283e-16
161.47478282835 -12.08024940781 2.597867e-02    1.102775e+05    9.557294e-17
161.46055179421 -12.07577116660 3.103297e-02    1.102775e+05    6.693549e-17
161.52816667919 -12.09706689214 7.053235e-03    1.102775e+05    1.299533e-15
161.46625262944 -12.07757332094 2.900991e-02    1.102775e+05    7.661557e-17
161.44494431172 -12.07084059179 3.658619e-02    1.102775e+05    4.812574e-17
161.50297285079 -12.08913254785 1.597604e-02    1.102775e+05    2.530208e-16
161.49558096378 -12.08679601370 1.859774e-02    1.102775e+05    1.866536e-16
161.54610754699 -12.10271901290 7.077596e-04    1.102775e+05    1.291596e-13
161.52557156635 -12.09624882758 7.975026e-03    1.102775e+05    1.016369e-15
161.45098816511 -12.07275099817 3.443949e-02    1.102775e+05    5.432640e-17
161.54811317597 -12.10335763803 6.564257e-06    1.102775e+05    1.501633e-09
161.48495222806 -12.08344463343 2.237419e-02    1.102775e+05    1.289032e-16
161.50074999720 -12.08841857989 1.676875e-02    1.102775e+05    2.296421e-16
161.53871727742 -12.10037678901 3.329121e-03    1.102775e+05    5.835806e-15
161.50844062249 -12.09085346669 1.404635e-02    1.102775e+05    3.273927e-16
161.52461030404 -12.09594949256 8.311206e-03    1.102775e+05    9.357712e-16
161.52026833887 -12.09457448507 9.855683e-03    1.102775e+05    6.653395e-16
161.50905376161 -12.09105737913 1.382229e-02    1.102775e+05    3.381022e-16
161.53328599421 -12.09868465985 5.248649e-03    1.102775e+05    2.347276e-15
161.48801404415 -12.08442764951 2.128044e-02    1.102775e+05    1.425130e-16
161.45290278089 -12.07335416103 3.375577e-02    1.102775e+05    5.655409e-17
161.51025719265 -12.09143940122 1.339910e-02    1.102775e+05    3.598144e-16
161.50646934172 -12.09022819159 1.474071e-02    1.102775e+05    2.972507e-16
161.54790215175 -12.10328589900 8.295100e-05    1.102775e+05    9.403463e-12
161.53765353044 -12.10004005073 3.702626e-03    1.102775e+05    4.717597e-15
161.54706630421 -12.10300389282 3.780942e-04    1.102775e+05    4.526009e-13
161.49175249924 -12.08560187782 1.995759e-02    1.102775e+05    1.620575e-16
161.54623368169 -12.10276309876 6.645888e-04    1.102775e+05    1.464855e-13
161.50286171967 -12.08911173695 1.601490e-02    1.102775e+05    2.517932e-16
161.54753658546 -12.10316893950 2.061407e-04    1.102775e+05    1.522639e-12
161.51063778129 -12.09153339165 1.326414e-02    1.102775e+05    3.671804e-16
161.44068218306 -12.06950332203 3.810311e-02    1.102775e+05    4.436203e-17
161.54263734828 -12.10162751864 1.935637e-03    1.102775e+05    1.726576e-14
161.47477935095 -12.08025747791 2.598123e-02    1.102775e+05    9.555407e-17
161.49785164031 -12.08753520471 1.779336e-02    1.102775e+05    2.039309e-16
161.54188392680 -12.10139518272 2.202997e-03    1.102775e+05    1.332881e-14
161.54779314385 -12.10325392592 1.207812e-04    1.102775e+05    4.435377e-12
161.44335580221 -12.07034158095 3.715630e-02    1.102775e+05    4.665699e-17
161.53485006163 -12.09917664391 4.689727e-03    1.102775e+05    2.940312e-15
161.53788717566 -12.10013572090 3.619658e-03    1.102775e+05    4.936395e-15
161.44920889347 -12.07218510108 3.507113e-02    1.102775e+05    5.238319e-17
161.52090044034 -12.09477700014 9.624730e-03    1.102775e+05    6.976725e-16
161.54747777172 -12.10315268698 2.318490e-04    1.102775e+05    1.203685e-12
161.48747021272 -12.08426468813 2.147400e-02    1.102775e+05    1.399521e-16
161.44016292448 -12.06933642909 3.829290e-02    1.102775e+05    4.392233e-17
161.47358433839 -12.07988599141 2.640248e-02    1.102775e+05    9.252459e-17
161.53990968404 -12.10075400034 2.908476e-03    1.102775e+05    7.646298e-15
161.53240486812 -12.09838767080 5.557978e-03    1.102775e+05    2.093193e-15
161.54674040897 -12.10290245067 4.878843e-04    1.102775e+05    2.718167e-13
161.47266360736 -12.07958857786 2.672772e-02    1.102775e+05    9.028289e-17
161.51296610412 -12.09229135219 1.243798e-02    1.102775e+05    4.176202e-16
161.53647954572 -12.09967944067 4.118528e-03    1.102775e+05    3.812719e-15
161.51933761253 -12.09429132883 1.017963e-02    1.102775e+05    6.236421e-16
161.44747236744 -12.07165199549 3.568904e-02    1.102775e+05    5.058118e-17
161.53304450333 -12.09861049947 5.327100e-03    1.102775e+05    2.278626e-15
161.54768638949 -12.10322458890 1.567996e-04    1.102775e+05    2.631706e-12
161.47295814046 -12.07968081257 2.663025e-02    1.102775e+05    9.094608e-17
161.46903992036 -12.07844020473 2.801814e-02    1.102775e+05    8.214536e-17
161.46948555050 -12.07859517133 2.786195e-02    1.102775e+05    8.307047e-17
161.45505603161 -12.07403494414 3.298593e-02    1.102775e+05    5.923021e-17
161.54405766743 -12.10208057501 1.436999e-03    1.102775e+05    3.132905e-14
161.44297960041 -12.07022878403 3.728606e-02    1.102775e+05    4.633208e-17
161.48259576176 -12.08270358978 2.320612e-02    1.102775e+05    1.198146e-16
161.50399655934 -12.08946691580 1.561252e-02    1.102775e+05    2.649523e-16
161.45565378083 -12.07422234153 3.277469e-02    1.102775e+05    5.999773e-17
161.52566019868 -12.09628096617 7.948473e-03    1.102775e+05    1.023174e-15
161.47685455704 -12.08091387409 2.524050e-02    1.102775e+05    1.012539e-16
161.50697013642 -12.09039298345 1.455745e-02    1.102775e+05    3.047888e-16
161.50903101167 -12.09103611366 1.383733e-02    1.102775e+05    3.373667e-16
161.54379697533 -12.10200306287 1.527749e-03    1.102775e+05    2.771729e-14
161.53052777911 -12.09779617086 6.223390e-03    1.102775e+05    1.669375e-15
161.54345409142 -12.10188103853 1.655316e-03    1.102775e+05    2.360950e-14
161.43811430718 -12.06869544850 3.901900e-02    1.102775e+05    4.229913e-17
161.54813474648 -12.10334661024 5.223137e-07    1.102775e+05    2.371770e-07
161.46685870022 -12.07774655197 2.879946e-02    1.102775e+05    7.774134e-17
161.54425502910 -12.10213595893 1.364109e-03    1.102775e+05    3.476686e-14
161.52709842944 -12.09673087242 7.433576e-03    1.102775e+05    1.169899e-15
161.49990302630 -12.08817335933 1.707062e-02    1.102775e+05    2.215841e-16
161.52398225464 -12.09575349587 8.532701e-03    1.102775e+05    8.877961e-16
161.52683124188 -12.09664763751 7.524571e-03    1.102775e+05    1.141763e-15
161.53799734656 -12.10017094792 3.581509e-03    1.102775e+05    5.042138e-15
161.43828639605 -12.06874362013 3.895717e-02    1.102775e+05    4.243383e-17
161.52032012254 -12.09460586772 9.835519e-03    1.102775e+05    6.680720e-16
161.53758103534 -12.10002990562 3.731993e-03    1.102775e+05    4.643628e-15
161.51090810172 -12.09161702557 1.316917e-02    1.102775e+05    3.724995e-16
161.54242459096 -12.10154458940 2.013070e-03    1.102775e+05    1.596289e-14
161.53034672601 -12.09775250634 6.281904e-03    1.102775e+05    1.638408e-15
161.46315626176 -12.07658554013 3.010843e-02    1.102775e+05    7.111739e-17
161.48617569537 -12.08384636206 2.194057e-02    1.102775e+05    1.340557e-16
161.50897782548 -12.09102270349 1.385330e-02    1.102775e+05    3.365890e-16
161.50532311881 -12.08986264847 1.514418e-02    1.102775e+05    2.816091e-16
161.47648634884 -12.08077990642 2.537452e-02    1.102775e+05    1.001855e-16
161.54753233335 -12.10317799828 2.070204e-04    1.102775e+05    1.509726e-12
161.51215205904 -12.09202032661 1.273146e-02    1.102775e+05    3.985739e-16
161.45490540266 -12.07398847854 3.304031e-02    1.102775e+05    5.903503e-17
161.53916694888 -12.10051965207 3.163814e-03    1.102775e+05    6.461701e-15
161.48721900981 -12.08416494850 2.156997e-02    1.102775e+05    1.387079e-16
161.53905662587 -12.10049338700 3.210654e-03    1.102775e+05    6.274504e-15
161.52725809777 -12.09677576955 7.375956e-03    1.102775e+05    1.188258e-15
161.43981275399 -12.06923375218 3.841660e-02    1.102775e+05    4.363927e-17
161.53318364393 -12.09865711780 5.284754e-03    1.102775e+05    2.315302e-15
161.52586608341 -12.09633032167 7.872870e-03    1.102775e+05    1.042929e-15
161.48237173179 -12.08265599610 2.328779e-02    1.102775e+05    1.189745e-16
161.54684800129 -12.10294222631 4.564728e-04    1.102775e+05    3.105143e-13
161.54654286276 -12.10285723686 5.568489e-04    1.102775e+05    2.086563e-13
161.50327811725 -12.08922275709 1.587037e-02    1.102775e+05    2.564049e-16
161.53910802111 -12.10051990036 3.182315e-03    1.102775e+05    6.386774e-15
161.51044829449 -12.09148670344 1.332840e-02    1.102775e+05    3.636453e-16
161.51270993036 -12.09220667272 1.252533e-02    1.102775e+05    4.118110e-16
161.54127511981 -12.10120735935 2.420965e-03    1.102775e+05    1.103649e-14
161.53807702360 -12.10017664889 3.554162e-03    1.102775e+05    5.120049e-15
161.46886908040 -12.07839672971 2.808467e-02    1.102775e+05    8.175597e-17
161.52055075606 -12.09466111951 9.757266e-03    1.102775e+05    6.788369e-16
161.52810110178 -12.09705989567 7.077729e-03    1.102775e+05    1.290550e-15
161.51184448905 -12.09193334672 1.283287e-02    1.102775e+05    3.922946e-16
161.54321306064 -12.10179404344 1.733955e-03    1.102775e+05    2.151634e-14
161.50976378562 -12.09125667119 1.357535e-02    1.102775e+05    3.505250e-16
161.46792490913 -12.07810875902 2.841471e-02    1.102775e+05    7.986460e-17
161.54569084560 -12.10259746676 8.567268e-04    1.102775e+05    8.814661e-14
161.43943403705 -12.06913108126 3.854899e-02    1.102775e+05    4.333938e-17
161.44995195781 -12.07243416674 3.480031e-02    1.102775e+05    5.320340e-17
161.49517804491 -12.08669154757 1.874059e-02    1.102775e+05    1.838158e-16
161.50027234915 -12.08827258542 1.693588e-02    1.102775e+05    2.251277e-16
161.44176831168 -12.06984008414 3.771625e-02    1.102775e+05    4.527883e-17
161.54460320181 -12.10223575454 1.242865e-03    1.102775e+05    4.188148e-14
161.54758043334 -12.10317702121 1.945982e-04    1.102775e+05    1.708628e-12
161.54070925947 -12.10102841797 2.617410e-03    1.102775e+05    9.441789e-15
161.54132322437 -12.10119380755 2.406038e-03    1.102775e+05    1.117387e-14
161.44354170821 -12.07040273046 3.708304e-02    1.102775e+05    4.684195e-17
161.48350986603 -12.08300818606 2.287728e-02    1.102775e+05    1.232887e-16
161.48090875998 -12.08217053298 2.380845e-02    1.102775e+05    1.138206e-16
161.46233633194 -12.07633991177 3.040223e-02    1.102775e+05    6.974705e-17
161.54120154152 -12.10118567719 2.444647e-03    1.102775e+05    1.082367e-14
161.54054864728 -12.10097271368 2.681497e-03    1.102775e+05    8.995798e-15
161.54795457692 -12.10331076085 5.884337e-05    1.102775e+05    1.868689e-11
161.49810662700 -12.08761370081 1.770454e-02    1.102775e+05    2.059845e-16
161.54799464720 -12.10330868248 4.118857e-05    1.102775e+05    3.813993e-11
161.54804636568 -12.10331123677 2.792386e-05    1.102775e+05    8.298183e-11
161.54610472545 -12.10270237730 7.126657e-04    1.102775e+05    1.273873e-13
161.51395585641 -12.09257766546 1.208885e-02    1.102775e+05    4.421087e-16
161.53580838337 -12.09947311495 4.358736e-03    1.102775e+05    3.403962e-15
161.49215372059 -12.08571133714 1.981703e-02    1.102775e+05    1.643674e-16
161.53880849112 -12.10042469914 3.292076e-03    1.102775e+05    5.967912e-15
161.53231283562 -12.09838697188 5.588060e-03    1.102775e+05    2.070709e-15
161.52568281407 -12.09627644724 7.933763e-03    1.102775e+05    1.026973e-15
161.47051751421 -12.07890569527 2.749997e-02    1.102775e+05    8.527556e-17
161.52921060219 -12.09738738938 6.690876e-03    1.102775e+05    1.444167e-15
161.52161893230 -12.09500345446 9.374489e-03    1.102775e+05    7.354388e-16
161.45243410368 -12.07320063424 3.392503e-02    1.102775e+05    5.599007e-17
161.51871149864 -12.09409159287 1.040858e-02    1.102775e+05    5.964914e-16
161.54577496420 -12.10260129583 8.308181e-04    1.102775e+05    9.373028e-14
161.47977169785 -12.08182770156 2.420372e-02    1.102775e+05    1.101281e-16
161.54507784086 -12.10238937488 1.072152e-03    1.102775e+05    5.628158e-14
161.50185027448 -12.08877057092 1.637691e-02    1.102775e+05    2.407740e-16
161.51660691041 -12.09342571663 1.114554e-02    1.102775e+05    5.201714e-16
161.50392478423 -12.08943051561 1.564085e-02    1.102775e+05    2.639926e-16
161.52175501988 -12.09506248010 9.323489e-03    1.102775e+05    7.435116e-16
161.51703421185 -12.09357330469 1.099945e-02    1.102775e+05    5.340904e-16
161.51667493274 -12.09344647731 1.112008e-02    1.102775e+05    5.225578e-16
161.50878594881 -12.09097652250 1.391670e-02    1.102775e+05    3.335265e-16
161.50554052931 -12.08995443281 1.506831e-02    1.102775e+05    2.844550e-16
161.50989506195 -12.09129950428 1.352581e-02    1.102775e+05    3.530993e-16
161.45423075211 -12.07378526881 3.328204e-02    1.102775e+05    5.817884e-17
161.53769305845 -12.10006714133 3.691422e-03    1.102775e+05    4.746285e-15
161.53657640941 -12.09972143594 4.080850e-03    1.102775e+05    3.883466e-15
161.54365534720 -12.10193409256 1.578458e-03    1.102775e+05    2.596487e-14
161.49747832645 -12.08739381441 1.793073e-02    1.102775e+05    2.008150e-16
161.47450196435 -12.08016408184 2.608348e-02    1.102775e+05    9.480523e-17
161.54369036475 -12.10194299028 1.565252e-03    1.102775e+05    2.640490e-14
161.45375830551 -12.07361650190 3.345513e-02    1.102775e+05    5.757722e-17
161.44217148964 -12.06998782308 3.756984e-02    1.102775e+05    4.563325e-17
161.54694232975 -12.10298191336 4.127804e-04    1.102775e+05    3.797306e-13
161.46514302414 -12.07722934392 2.940102e-02    1.102775e+05    7.458717e-17
161.47586563638 -12.08060960374 2.559427e-02    1.102775e+05    9.846987e-17
161.53127528240 -12.09805557870 5.954506e-03    1.102775e+05    1.823604e-15
161.54533735496 -12.10248743679 9.834522e-04    1.102775e+05    6.689244e-14
161.48913094958 -12.08477297851 2.088412e-02    1.102775e+05    1.479805e-16
161.54175555636 -12.10135153985 2.254351e-03    1.102775e+05    1.272840e-14
161.53747206203 -12.10000365404 3.761984e-03    1.102775e+05    4.569865e-15
161.52220204100 -12.09519241893 9.163233e-03    1.102775e+05    7.697606e-16
161.50022915571 -12.08826947744 1.695167e-02    1.102775e+05    2.247079e-16
161.53263288086 -12.09848058201 5.475855e-03    1.102775e+05    2.156468e-15
161.54786599858 -12.10327577791 8.783675e-05    1.102775e+05    8.386450e-12
161.45167899967 -12.07296609598 3.419016e-02    1.102775e+05    5.512328e-17
161.54689690346 -12.10296925787 4.335908e-04    1.102775e+05    3.441539e-13
161.54221751871 -12.10148971446 2.089299e-03    1.102775e+05    1.481919e-14
161.54523614804 -12.10242777495 1.019875e-03    1.102775e+05    6.219960e-14
161.52802815760 -12.09701950966 7.104026e-03    1.102775e+05    1.281010e-15
161.53820031259 -12.10022201176 3.505557e-03    1.102775e+05    5.263041e-15
161.54782724976 -12.10325817710 1.001870e-04    1.102775e+05    6.446255e-12
161.54568661557 -12.10257934768 8.618867e-04    1.102775e+05    8.709434e-14
161.45776550020 -12.07490281262 3.202873e-02    1.102775e+05    6.283063e-17
161.51214280183 -12.09202352763 1.273113e-02    1.102775e+05    3.985945e-16
161.47671026917 -12.08086651920 2.529055e-02    1.102775e+05    1.008529e-16
161.54611300686 -12.10271735414 7.085079e-04    1.102775e+05    1.288869e-13
161.47388654903 -12.07998394801 2.629503e-02    1.102775e+05    9.328349e-17
161.54808909707 -12.10333009483 1.185606e-05    1.102775e+05    4.603143e-10
161.53759774695 -12.10003008759 3.726530e-03    1.102775e+05    4.657254e-15
161.44305361052 -12.07025830205 3.726191e-02    1.102775e+05    4.639232e-17
161.46134629183 -12.07601144572 3.075145e-02    1.102775e+05    6.816902e-17
161.44793616026 -12.07179776711 3.552392e-02    1.102775e+05    5.105349e-17
161.46225409091 -12.07631226978 3.042978e-02    1.102775e+05    6.962050e-17
161.50828688172 -12.09081543615 1.409747e-02    1.102775e+05    3.250210e-16
161.49783718560 -12.08752984814 1.779967e-02    1.102775e+05    2.037863e-16
161.51594686033 -12.09320441558 1.138596e-02    1.102775e+05    4.984214e-16
161.51970569353 -12.09441704890 1.005078e-02    1.102775e+05    6.397447e-16
161.47147393528 -12.07922548030 2.715591e-02    1.102775e+05    8.745369e-17
161.46226343638 -12.07631625750 3.042976e-02    1.102775e+05    6.962059e-17
161.53933278930 -12.10056740378 3.108730e-03    1.102775e+05    6.692765e-15
161.54392145439 -12.10202281694 1.481611e-03    1.102775e+05    2.947061e-14
161.47954950267 -12.08175331710 2.428317e-02    1.102775e+05    1.094076e-16
161.51819670018 -12.09393756246 1.058563e-02    1.102775e+05    5.766933e-16
161.51088082028 -12.09162704250 1.317983e-02    1.102775e+05    3.718965e-16
161.53885127414 -12.10043010345 3.278122e-03    1.102775e+05    6.018833e-15
161.52459055276 -12.09594947126 8.324297e-03    1.102775e+05    9.328289e-16
161.54752668322 -12.10317114357 2.131517e-04    1.102775e+05    1.424120e-12
161.46699522643 -12.07779716030 2.874754e-02    1.102775e+05    7.802287e-17
161.49647605416 -12.08707400999 1.828636e-02    1.102775e+05    1.930718e-16
161.54775280050 -12.10322549807 1.282621e-04    1.102775e+05    3.933074e-12
161.50126209060 -12.08860684706 1.658627e-02    1.102775e+05    2.347280e-16
161.53716779575 -12.09988604413 3.876180e-03    1.102775e+05    4.304507e-15
161.54812612928 -12.10336391279 1.869213e-08    1.102775e+05    1.851901e-04
161.53476092664 -12.09914583599 4.724929e-03    1.102775e+05    2.896650e-15
161.50404925725 -12.08946019809 1.560043e-02    1.102775e+05    2.653637e-16
161.54295541891 -12.10173432372 1.829159e-03    1.102775e+05    1.933464e-14
161.49755914115 -12.08743945029 1.789663e-02    1.102775e+05    2.015817e-16
161.53995888398 -12.10077698850 2.890086e-03    1.102775e+05    7.743932e-15
161.50970926471 -12.09126925517 1.358958e-02    1.102775e+05    3.497904e-16
161.47961367842 -12.08177567327 2.426132e-02    1.102775e+05    1.096050e-16
161.44205065405 -12.06994735823 3.761183e-02    1.102775e+05    4.553116e-17
161.54532190242 -12.10247245920 9.927567e-04    1.102775e+05    6.564439e-14
161.52310733248 -12.09548432932 8.849364e-03    1.102775e+05    8.253637e-16
161.54599696283 -12.10267012408 7.495838e-04    1.102775e+05    1.151478e-13
161.45103308426 -12.07278637020 3.442084e-02    1.102775e+05    5.438540e-17
161.51245781225 -12.09212338201 1.261664e-02    1.102775e+05    4.058676e-16
161.54535459231 -12.10246510869 9.803279e-04    1.102775e+05    6.731951e-14
161.54810769104 -12.10335048740 1.632994e-06    1.102775e+05    2.426422e-08
161.46522991209 -12.07724366178 2.937425e-02    1.102775e+05    7.472343e-17
161.51955010798 -12.09434873852 1.011225e-02    1.102775e+05    6.319860e-16
161.49261111267 -12.08585433228 1.965435e-02    1.102775e+05    1.671028e-16
161.49404221825 -12.08631114433 1.915024e-02    1.102775e+05    1.760270e-16
161.54408826616 -12.10207410235 1.431995e-03    1.102775e+05    3.154839e-14
161.43989204081 -12.06925573370 3.838883e-02    1.102775e+05    4.370259e-17
161.54011052574 -12.10082744112 2.828696e-03    1.102775e+05    8.083768e-15
161.51527204333 -12.09300004439 1.161778e-02    1.102775e+05    4.787159e-16
161.53016164265 -12.09770659819 6.348280e-03    1.102775e+05    1.604313e-15
161.45033647273 -12.07255670807 3.467324e-02    1.102775e+05    5.359489e-17
161.46487558994 -12.07713931348 2.950241e-02    1.102775e+05    7.407453e-17
161.48738425750 -12.08421145293 2.151114e-02    1.102775e+05    1.394687e-16
161.54572101218 -12.10259241156 8.546134e-04    1.102775e+05    8.858314e-14
161.46488851291 -12.07713829127 2.949496e-02    1.102775e+05    7.411203e-17
161.46043556779 -12.07574157219 3.107983e-02    1.102775e+05    6.673342e-17
161.54685902054 -12.10295675943 4.516027e-04    1.102775e+05    3.172478e-13
161.49976279853 -12.08812087650 1.711245e-02    1.102775e+05    2.205009e-16
161.46566652394 -12.07736870635 2.922178e-02    1.102775e+05    7.550663e-17
161.51615352666 -12.09326983887 1.131031e-02    1.102775e+05    5.051160e-16
161.48085572638 -12.08218093411 2.382081e-02    1.102775e+05    1.137023e-16
161.53522048016 -12.09929999061 4.558454e-03    1.102775e+05    3.112148e-15
161.49713668080 -12.08729966201 1.804756e-02    1.102775e+05    1.982204e-16
161.49695078451 -12.08722992009 1.811014e-02    1.102775e+05    1.968515e-16
161.54767260453 -12.10321703932 1.569146e-04    1.102775e+05    2.627847e-12
161.46687346010 -12.07776675100 2.878436e-02    1.102775e+05    7.782307e-17
161.52802602550 -12.09702557819 7.108989e-03    1.102775e+05    1.279221e-15
161.54535879432 -12.10248294800 9.820187e-04    1.102775e+05    6.708789e-14
161.49470505716 -12.08652302443 1.890912e-02    1.102775e+05    1.805502e-16
161.50776631845 -12.09063222037 1.428455e-02    1.102775e+05    3.165560e-16
161.50017069260 -12.08823875683 1.697523e-02    1.102775e+05    2.240839e-16
161.47900092660 -12.08158541293 2.448245e-02    1.102775e+05    1.076311e-16
161.53912479051 -12.10052213312 3.182331e-03    1.102775e+05    6.386712e-15
161.54483474672 -12.10230520702 1.162545e-03    1.102775e+05    4.786902e-14
161.49864530695 -12.08777288884 1.750794e-02    1.102775e+05    2.106415e-16
161.53322422666 -12.09865970441 5.263187e-03    1.102775e+05    2.334322e-15
161.47524604711 -12.08039695335 2.581592e-02    1.102775e+05    9.678364e-17
161.54245600292 -12.10155136218 2.003855e-03    1.102775e+05    1.611007e-14
161.45158161410 -12.07294228846 3.423105e-02    1.102775e+05    5.499141e-17
161.53683869899 -12.09979824766 3.987531e-03    1.102775e+05    4.067403e-15
161.54505926211 -12.10238348195 1.087739e-03    1.102775e+05    5.468006e-14
161.54718896906 -12.10305668371 3.306568e-04    1.102775e+05    5.917841e-13
161.50440203853 -12.08959812157 1.547150e-02    1.102775e+05    2.698088e-16
161.43912534202 -12.06901191549 3.866095e-02    1.102775e+05    4.308815e-17
161.50999433450 -12.09134959831 1.348615e-02    1.102775e+05    3.551808e-16
161.53433415573 -12.09899692832 4.874671e-03    1.102775e+05    2.721374e-15
161.53708639735 -12.09986586184 3.899221e-03    1.102775e+05    4.253775e-15
161.54102489999 -12.10112517484 2.511092e-03    1.102775e+05    1.025835e-14
161.50815885772 -12.09077598555 1.413864e-02    1.102775e+05    3.231289e-16
161.54076176762 -12.10102441898 2.607182e-03    1.102775e+05    9.516021e-15
161.47216119163 -12.07944169649 2.691157e-02    1.102775e+05    8.905157e-17
161.52367962804 -12.09565409961 8.643601e-03    1.102775e+05    8.651496e-16
161.54421667821 -12.10213436880 1.380965e-03    1.102775e+05    3.392326e-14
161.44697902731 -12.07150980403 3.586234e-02    1.102775e+05    5.009246e-17
161.49180270907 -12.08560675259 1.993776e-02    1.102775e+05    1.623804e-16
161.51558733372 -12.09311264935 1.150645e-02    1.102775e+05    4.880302e-16
161.51264369522 -12.09218721163 1.255121e-02    1.102775e+05    4.101127e-16
161.51776927438 -12.09380679889 1.073733e-02    1.102775e+05    5.605029e-16
161.54341356365 -12.10185431114 1.666197e-03    1.102775e+05    2.330211e-14
161.54811636813 -12.10336149916 5.315001e-07    1.102775e+05    2.290492e-07
161.46481401399 -12.07711393734 2.952236e-02    1.102775e+05    7.397428e-17
161.52272407357 -12.09533953450 8.983783e-03    1.102775e+05    8.008367e-16
161.50096282981 -12.08849565669 1.668873e-02    1.102775e+05    2.318519e-16
161.46755398455 -12.07798141633 2.854577e-02    1.102775e+05    7.913173e-17
161.54533260415 -12.10246869554 9.859715e-04    1.102775e+05    6.655106e-14
161.49839724996 -12.08768236785 1.760557e-02    1.102775e+05    2.083093e-16
161.51839612026 -12.09399918445 1.051389e-02    1.102775e+05    5.845948e-16
161.51058023313 -12.09152353691 1.328693e-02    1.102775e+05    3.659205e-16
161.51054438347 -12.09150269237 1.329686e-02    1.102775e+05    3.653735e-16
161.53139990417 -12.09808940697 5.915779e-03    1.102775e+05    1.847566e-15
161.54599403559 -12.10268465660 7.508004e-04    1.102775e+05    1.147749e-13
161.54621701361 -12.10274186622 6.782470e-04    1.102775e+05    1.406448e-13
161.53185209277 -12.09822208682 5.751277e-03    1.102775e+05    1.954809e-15
161.50923262082 -12.09109323682 1.376327e-02    1.102775e+05    3.410106e-16
161.51776912473 -12.09379636852 1.074185e-02    1.102775e+05    5.600305e-16
161.50458662384 -12.08965177818 1.540680e-02    1.102775e+05    2.720819e-16
161.52995443232 -12.09763117907 6.419573e-03    1.102775e+05    1.568863e-15
161.50619955218 -12.09015512377 1.483790e-02    1.102775e+05    2.933656e-16
161.54405935148 -12.10206726779 1.441790e-03    1.102775e+05    3.112112e-14
161.52267114721 -12.09534683422 9.003928e-03    1.102775e+05    7.972555e-16
161.44827084387 -12.07191280620 3.540146e-02    1.102775e+05    5.140812e-17
161.50435694323 -12.08956873816 1.548656e-02    1.102775e+05    2.692840e-16
161.48567876854 -12.08368678252 2.211451e-02    1.102775e+05    1.319524e-16
161.47717905629 -12.08100778326 2.513050e-02    1.102775e+05    1.021436e-16
161.44271629972 -12.07014109915 3.737951e-02    1.102775e+05    4.610018e-17
161.53152214329 -12.09813002974 5.873909e-03    1.102775e+05    1.874009e-15
161.54604787738 -12.10270833499 7.358582e-04    1.102775e+05    1.194836e-13
161.54089911266 -12.10106889930 2.555625e-03    1.102775e+05    9.903902e-15
161.54802639602 -12.10330480096 3.516714e-05    1.102775e+05    5.231899e-11
161.54618398615 -12.10275072062 6.881366e-04    1.102775e+05    1.366312e-13
161.51401898534 -12.09259783532 1.206665e-02    1.102775e+05    4.437383e-16
161.54347630206 -12.10187304542 1.645996e-03    1.102775e+05    2.387763e-14
161.54786186654 -12.10325768322 9.088436e-05    1.102775e+05    7.833435e-12
161.54526381847 -12.10243780683 1.014728e-03    1.102775e+05    6.283222e-14
161.54676035768 -12.10293449320 4.787384e-04    1.102775e+05    2.823018e-13
161.49638267488 -12.08706247292 1.831150e-02    1.102775e+05    1.925412e-16
161.49977330078 -12.08811051202 1.711602e-02    1.102775e+05    2.204090e-16
161.54781835881 -12.10326083088 1.122201e-04    1.102775e+05    5.137928e-12
161.54702367729 -12.10301462957 3.917768e-04    1.102775e+05    4.215386e-13
161.49323311035 -12.08606232579 1.943529e-02    1.102775e+05    1.708955e-16
161.51635569448 -12.09333233077 1.123891e-02    1.102775e+05    5.115590e-16
161.48198541745 -12.08251684955 2.342346e-02    1.102775e+05    1.175984e-16
161.50042353742 -12.08832797308 1.688688e-02    1.102775e+05    2.264372e-16
161.53838862413 -12.10028354080 3.443508e-03    1.102775e+05    5.454464e-15
161.45792735131 -12.07494485951 3.197431e-02    1.102775e+05    6.304511e-17
161.47634405070 -12.08075323297 2.542097e-02    1.102775e+05    9.981918e-17
161.45796089957 -12.07495556657 3.195967e-02    1.102775e+05    6.310302e-17
161.54481230452 -12.10230166468 1.166824e-03    1.102775e+05    4.751855e-14
161.49969486139 -12.08810284009 1.713781e-02    1.102775e+05    2.198483e-16
161.52948329077 -12.09747183230 6.595989e-03    1.102775e+05    1.486033e-15
161.46269522178 -12.07643159112 3.027569e-02    1.102775e+05    7.033233e-17
161.52992915223 -12.09761782966 6.438875e-03    1.102775e+05    1.559468e-15
161.52563027562 -12.09627426798 7.958662e-03    1.102775e+05    1.020555e-15
161.53704338407 -12.09987651188 3.914870e-03    1.102775e+05    4.219827e-15
161.51866772674 -12.09409057812 1.041824e-02    1.102775e+05    5.953858e-16
161.49396609178 -12.08629504860 1.916758e-02    1.102775e+05    1.757083e-16
161.44114546001 -12.06966650827 3.793416e-02    1.102775e+05    4.475895e-17
161.47186389954 -12.07933818335 2.701266e-02    1.102775e+05    8.838526e-17
161.54672913050 -12.10291985539 4.965321e-04    1.102775e+05    2.624307e-13
161.54742641348 -12.10313025548 2.431044e-04    1.102775e+05    1.094805e-12
161.51285374819 -12.09223201254 1.247761e-02    1.102775e+05    4.149692e-16
161.43898925730 -12.06897338779 3.870466e-02    1.102775e+05    4.299066e-17
161.45960210015 -12.07548290685 3.137407e-02    1.102775e+05    6.548525e-17
161.52950917395 -12.09750115070 6.582754e-03    1.102775e+05    1.492017e-15
161.45884498683 -12.07524385030 3.163963e-02    1.102775e+05    6.438852e-17
161.48541120968 -12.08358842763 2.220744e-02    1.102775e+05    1.308489e-16
161.52888559091 -12.09729994649 6.806529e-03    1.102775e+05    1.395487e-15
161.54797229407 -12.10329583557 5.100530e-05    1.102775e+05    2.487150e-11
161.45907915911 -12.07529654757 3.155715e-02    1.102775e+05    6.472622e-17
161.53843210614 -12.10028564205 3.430200e-03    1.102775e+05    5.496876e-15
161.54254336402 -12.10158478159 1.970193e-03    1.102775e+05    1.666533e-14
161.53405565074 -12.09891031090 4.978450e-03    1.102775e+05    2.609066e-15
161.48446217093 -12.08330068454 2.254940e-02    1.102775e+05    1.269051e-16
161.54148081704 -12.10125266275 2.349790e-03    1.102775e+05    1.171531e-14
161.53305741177 -12.09859559233 5.326218e-03    1.102775e+05    2.279382e-15
161.54060047753 -12.10098093590 2.660211e-03    1.102775e+05    9.140359e-15
161.54797436067 -12.10329054244 5.256491e-05    1.102775e+05    2.341752e-11
161.50212516111 -12.08887995069 1.627756e-02    1.102775e+05    2.437251e-16
161.53245762877 -12.09841092746 5.535402e-03    1.102775e+05    2.110307e-15
161.50609140326 -12.09011600667 1.487855e-02    1.102775e+05    2.917634e-16
161.53590305186 -12.09950609982 4.323280e-03    1.102775e+05    3.460038e-15
161.46744103019 -12.07792869025 2.858976e-02    1.102775e+05    7.888794e-17
161.47861981988 -12.08144832341 2.461756e-02    1.102775e+05    1.064512e-16
161.54809611288 -12.10333304735 8.142144e-06    1.102775e+05    9.760174e-10
161.51546353207 -12.09307724101 1.155166e-02    1.102775e+05    4.842155e-16
161.45134998506 -12.07287734747 3.430670e-02    1.102775e+05    5.474862e-17
161.54601057904 -12.10269847423 7.437549e-04    1.102775e+05    1.169598e-13
161.51038998721 -12.09146558507 1.335357e-02    1.102775e+05    3.622748e-16
161.53123307014 -12.09804707898 5.970543e-03    1.102775e+05    1.813817e-15
161.53983609282 -12.10074592233 2.934112e-03    1.102775e+05    7.513242e-15
161.51381847094 -12.09255242424 1.213242e-02    1.102775e+05    4.389367e-16
161.45079951937 -12.07270562453 3.449973e-02    1.102775e+05    5.413646e-17
161.52502901856 -12.09609099078 8.163336e-03    1.102775e+05    9.699969e-16
161.54679964461 -12.10292441372 4.673318e-04    1.102775e+05    2.962512e-13
161.50101039943 -12.08852906250 1.667275e-02    1.102775e+05    2.322970e-16
161.54792512567 -12.10328658855 6.718889e-05    1.102775e+05    1.433300e-11
161.49333418703 -12.08609988928 1.940132e-02    1.102775e+05    1.714951e-16
161.54538704161 -12.10248623164 9.725269e-04    1.102775e+05    6.840390e-14
161.50336685332 -12.08925502065 1.584211e-02    1.102775e+05    2.573215e-16
161.54171713570 -12.10134087686 2.267059e-03    1.102775e+05    1.258607e-14
161.52423034736 -12.09582778040 8.451240e-03    1.102775e+05    9.050018e-16
161.52135275913 -12.09492068517 9.469246e-03    1.102775e+05    7.207853e-16
161.53805647623 -12.10018980916 3.562115e-03    1.102775e+05    5.097202e-15
161.48743221018 -12.08424704869 2.149074e-02    1.102775e+05    1.397340e-16
161.53624453571 -12.09960875215 4.200190e-03    1.102775e+05    3.665865e-15
161.45248637860 -12.07323576491 3.390818e-02    1.102775e+05    5.604584e-17
161.49956637332 -12.08805317449 1.719066e-02    1.102775e+05    2.184969e-16
161.43927919388 -12.06906786536 3.859832e-02    1.102775e+05    4.322840e-17
161.49770486411 -12.08747958255 1.784828e-02    1.102775e+05    2.026765e-16
161.54765494197 -12.10320977459 1.615780e-04    1.102775e+05    2.478349e-12
161.54101891584 -12.10112140460 2.513039e-03    1.102775e+05    1.024247e-14
161.45210821795 -12.07309653073 3.403826e-02    1.102775e+05    5.561743e-17
161.54807710521 -12.10333317250 1.244954e-05    1.102775e+05    4.174728e-10
161.54757592939 -12.10316242175 1.956093e-04    1.102775e+05    1.691010e-12
161.49873642696 -12.08780868836 1.747934e-02    1.102775e+05    2.113322e-16
161.49987841999 -12.08816241052 1.707785e-02    1.102775e+05    2.213963e-16
161.49651963882 -12.08710858276 1.826751e-02    1.102775e+05    1.934708e-16
161.51656789564 -12.09342313095 1.115999e-02    1.102775e+05    5.188243e-16
161.51216985982 -12.09202346262 1.272485e-02    1.102775e+05    3.989886e-16
161.54805794547 -12.10331745716 2.456432e-05    1.102775e+05    1.072320e-10
161.54299882232 -12.10172231141 1.813876e-03    1.102775e+05    1.966187e-14
161.53276910300 -12.09852139977 5.424982e-03    1.102775e+05    2.197116e-15
161.51943992222 -12.09433094377 1.014166e-02    1.102775e+05    6.283232e-16
161.43985657153 -12.06923682464 3.839710e-02    1.102775e+05    4.368374e-17
161.54307552658 -12.10175041882 1.782468e-03    1.102775e+05    2.036096e-14
161.48830958054 -12.08450266069 2.118136e-02    1.102775e+05    1.438512e-16
161.52290214248 -12.09542377870 8.918149e-03    1.102775e+05    8.126744e-16
161.54646091161 -12.10282543037 5.854599e-04    1.102775e+05    1.887602e-13
161.51846807937 -12.09399747065 1.049207e-02    1.102775e+05    5.870308e-16
161.53435628592 -12.09901129538 4.863770e-03    1.102775e+05    2.733590e-15
161.49065765870 -12.08524329394 2.034363e-02    1.102775e+05    1.559582e-16
161.50481712169 -12.08972301262 1.532057e-02    1.102775e+05    2.751561e-16
161.49740312337 -12.08737616554 1.795520e-02    1.102775e+05    2.002671e-16
161.45802524796 -12.07496029437 3.193477e-02    1.102775e+05    6.320164e-17
161.49279026660 -12.08593129643 1.959247e-02    1.102775e+05    1.681612e-16
161.53846188107 -12.10029844682 3.413205e-03    1.102775e+05    5.551766e-15
161.54647235532 -12.10283407827 5.863953e-04    1.102775e+05    1.881583e-13
161.45870718731 -12.07518297385 3.169472e-02    1.102775e+05    6.416446e-17
161.53371970433 -12.09880435608 5.094038e-03    1.102775e+05    2.491970e-15
161.43964974150 -12.06918153751 3.846706e-02    1.102775e+05    4.352462e-17
161.53759624800 -12.10003588054 3.716928e-03    1.102775e+05    4.681354e-15
161.54611949636 -12.10271906773 7.068642e-04    1.102775e+05    1.294870e-13
161.52275647795 -12.09535371562 8.976461e-03    1.102775e+05    8.021442e-16
161.49515297940 -12.08667152950 1.874629e-02    1.102775e+05    1.837039e-16
161.47353537428 -12.07987121695 2.641841e-02    1.102775e+05    9.241288e-17
161.50574603861 -12.08999178570 1.499633e-02    1.102775e+05    2.871948e-16
161.51207429124 -12.09198966759 1.275323e-02    1.102775e+05    3.972132e-16
161.51174074789 -12.09190652335 1.286823e-02    1.102775e+05    3.901397e-16
161.54758611470 -12.10318737838 1.863806e-04    1.102775e+05    1.862618e-12
161.54315800862 -12.10177757615 1.760552e-03    1.102775e+05    2.087107e-14
161.54239917761 -12.10154732430 2.028800e-03    1.102775e+05    1.571629e-14
161.52773867218 -12.09694635503 7.208366e-03    1.102775e+05    1.244177e-15
161.49178115491 -12.08561592352 1.995086e-02    1.102775e+05    1.621669e-16
161.47155293872 -12.07923582240 2.712557e-02    1.102775e+05    8.764980e-17
161.50726882385 -12.09047361972 1.445977e-02    1.102775e+05    3.089238e-16
161.51409033094 -12.09264057385 1.204343e-02    1.102775e+05    4.454519e-16
161.48981136459 -12.08500214551 2.064554e-02    1.102775e+05    1.514247e-16
161.54743621753 -12.10312504413 2.477911e-04    1.102775e+05    1.053782e-12
161.46569926010 -12.07740019129 2.920257e-02    1.102775e+05    7.560622e-17
161.53852234781 -12.10033770162 3.392840e-03    1.102775e+05    5.618622e-15
161.54794404106 -12.10328902119 6.186017e-05    1.102775e+05    1.690869e-11
161.52688907594 -12.09666290955 7.509605e-03    1.102775e+05    1.146321e-15
161.51619193004 -12.09329374435 1.129383e-02    1.102775e+05    5.065922e-16
161.45936201918 -12.07541083413 3.145774e-02    1.102775e+05    6.513672e-17
161.53858384006 -12.10033762252 3.377204e-03    1.102775e+05    5.670784e-15
161.51385936300 -12.09257457765 1.211855e-02    1.102775e+05    4.399431e-16
161.47275281397 -12.07962734998 2.669711e-02    1.102775e+05    9.049046e-17
161.47977672238 -12.08182275333 2.421193e-02    1.102775e+05    1.100532e-16
161.43987811191 -12.06926133234 3.838743e-02    1.102775e+05    4.370582e-17
161.53637241371 -12.09963797040 4.154792e-03    1.102775e+05    3.746434e-15
161.44837819979 -12.07192877419 3.536192e-02    1.102775e+05    5.152340e-17
161.45214993482 -12.07313452110 3.402529e-02    1.102775e+05    5.565991e-17
161.53845502142 -12.10029999372 3.422422e-03    1.102775e+05    5.521894e-15
161.54681172976 -12.10294080134 4.603174e-04    1.102775e+05    3.053490e-13
161.48546947289 -12.08362077560 2.219152e-02    1.102775e+05    1.310369e-16
161.52446823125 -12.09591646629 8.363650e-03    1.102775e+05    9.240670e-16
161.54364410319 -12.10195235618 1.584667e-03    1.102775e+05    2.576178e-14
161.54646934240 -12.10284356855 5.840036e-04    1.102775e+05    1.897028e-13
161.54703456482 -12.10299293017 3.877259e-04    1.102775e+05    4.303933e-13
161.52652477723 -12.09654477840 7.643508e-03    1.102775e+05    1.106490e-15
161.54805106824 -12.10332911388 2.977739e-05    1.102775e+05    7.297271e-11
161.49702109246 -12.08726000441 1.809401e-02    1.102775e+05    1.972031e-16
161.54737866497 -12.10312142251 2.661864e-04    1.102775e+05    9.131660e-13
161.45508869439 -12.07403729833 3.297737e-02    1.102775e+05    5.926101e-17
161.48986733783 -12.08499326065 2.062549e-02    1.102775e+05    1.517196e-16
161.54712613665 -12.10304590906 3.488806e-04    1.102775e+05    5.315737e-13
161.54808349357 -12.10333564925 1.047383e-05    1.102775e+05    5.898263e-10
161.53602023337 -12.09953676679 4.274381e-03    1.102775e+05    3.539680e-15
161.52840992763 -12.09714926677 6.971126e-03    1.102775e+05    1.330339e-15
161.46413023312 -12.07689032324 2.976309e-02    1.102775e+05    7.278035e-17
161.51532466756 -12.09302805935 1.160661e-02    1.102775e+05    4.796383e-16
161.51307307985 -12.09231473147 1.240008e-02    1.102775e+05    4.201785e-16
161.49256176056 -12.08585831813 1.967482e-02    1.102775e+05    1.667548e-16
161.53973982747 -12.10070146413 2.963940e-03    1.102775e+05    7.362761e-15
161.49537658890 -12.08673493773 1.867427e-02    1.102775e+05    1.851251e-16
161.54758523076 -12.10316801218 1.943989e-04    1.102775e+05    1.712134e-12
161.52962540457 -12.09754012793 6.538542e-03    1.102775e+05    1.512270e-15
161.54412413100 -12.10209054241 1.414138e-03    1.102775e+05    3.235024e-14
161.54484510223 -12.10231250274 1.154998e-03    1.102775e+05    4.849670e-14
161.47306485693 -12.07970494781 2.658877e-02    1.102775e+05    9.123054e-17
161.51759673263 -12.09373842370 1.080240e-02    1.102775e+05    5.537656e-16
161.43825281364 -12.06873033325 3.896943e-02    1.102775e+05    4.240709e-17
161.52286087310 -12.09538377806 8.933045e-03    1.102775e+05    8.099648e-16
161.50799673249 -12.09070494488 1.420202e-02    1.102775e+05    3.202493e-16
161.50004785822 -12.08821682387 1.701967e-02    1.102775e+05    2.229141e-16
161.45246668971 -12.07321967554 3.390663e-02    1.102775e+05    5.605097e-17
161.43891816054 -12.06895621090 3.872713e-02    1.102775e+05    4.294064e-17
161.44580220990 -12.07111702840 3.628715e-02    1.102775e+05    4.892396e-17
161.54738287895 -12.10312767718 2.614084e-04    1.102775e+05    9.468524e-13
161.46512229331 -12.07722166743 2.941177e-02    1.102775e+05    7.453259e-17
161.54681852897 -12.10293576013 4.668309e-04    1.102775e+05    2.968873e-13
161.49353689496 -12.08616798540 1.932011e-02    1.102775e+05    1.729416e-16
161.54630663143 -12.10276651596 6.472606e-04    1.102775e+05    1.544340e-13
161.49645085520 -12.08707298021 1.829644e-02    1.102775e+05    1.928587e-16
161.54532464762 -12.10248391781 9.887760e-04    1.102775e+05    6.617402e-14
161.52801990604 -12.09701308535 7.114387e-03    1.102775e+05    1.277279e-15
161.48092949831 -12.08218194878 2.379708e-02    1.102775e+05    1.139294e-16
161.46171899868 -12.07612461611 3.062314e-02    1.102775e+05    6.874250e-17
161.53263466669 -12.09847489136 5.475251e-03    1.102775e+05    2.156944e-15
161.51851601765 -12.09401839981 1.047209e-02    1.102775e+05    5.892742e-16
161.51337047924 -12.09239517467 1.229362e-02    1.102775e+05    4.274925e-16
161.49319422538 -12.08606546332 1.944322e-02    1.102775e+05    1.707559e-16
161.53320150267 -12.09865755830 5.271485e-03    1.102775e+05    2.326977e-15
161.52993733180 -12.09762948591 6.429284e-03    1.102775e+05    1.564127e-15
161.52408507557 -12.09577103545 8.499310e-03    1.102775e+05    8.947889e-16
161.53777373059 -12.10008201248 3.656295e-03    1.102775e+05    4.837941e-15
161.49452474003 -12.08646464392 1.897938e-02    1.102775e+05    1.792143e-16
161.45287410494 -12.07334675211 3.376249e-02    1.102775e+05    5.653156e-17
161.52793375826 -12.09699715871 7.138131e-03    1.102775e+05    1.268792e-15
161.51308137824 -12.09230961202 1.239791e-02    1.102775e+05    4.203252e-16
161.54164978005 -12.10132179566 2.284876e-03    1.102775e+05    1.239053e-14
161.53413032393 -12.09893195810 4.948753e-03    1.102775e+05    2.640483e-15
161.53786706824 -12.10011893324 3.623507e-03    1.102775e+05    4.925908e-15
161.54105186208 -12.10113431307 2.495481e-03    1.102775e+05    1.038713e-14
161.46761630564 -12.07800168963 2.852503e-02    1.102775e+05    7.924701e-17
161.54497488662 -12.10235217676 1.117271e-03    1.102775e+05    5.182742e-14
161.46468779910 -12.07708239769 2.956901e-02    1.102775e+05    7.374059e-17
161.51916235770 -12.09422640857 1.024900e-02    1.102775e+05    6.152240e-16
161.54640078384 -12.10281121522 6.041063e-04    1.102775e+05    1.772870e-13
161.51226858279 -12.09205823896 1.268811e-02    1.102775e+05    4.013044e-16
161.54151315619 -12.10126677955 2.336043e-03    1.102775e+05    1.185361e-14
161.51906578517 -12.09418767824 1.028230e-02    1.102775e+05    6.112421e-16
161.47179940295 -12.07932503209 2.703625e-02    1.102775e+05    8.823086e-17
161.54811525369 -12.10333527662 7.389963e-06    1.102775e+05    1.184815e-09
161.45250131020 -12.07323628449 3.389391e-02    1.102775e+05    5.609314e-17
161.52810843480 -12.09705983687 7.073956e-03    1.102775e+05    1.291928e-15
161.51230307712 -12.09207660512 1.267229e-02    1.102775e+05    4.023071e-16
161.52783603724 -12.09695111123 7.178778e-03    1.102775e+05    1.254459e-15
161.47179774088 -12.07931593564 2.703916e-02    1.102775e+05    8.821186e-17
161.54488877719 -12.10233024635 1.147623e-03    1.102775e+05    4.912207e-14
161.51113890543 -12.09171823548 1.308622e-02    1.102775e+05    3.772404e-16
161.54798762602 -12.10329913142 4.719344e-05    1.102775e+05    2.905159e-11
161.54651129349 -12.10283682014 5.754068e-04    1.102775e+05    1.954138e-13
161.49589084061 -12.08690649322 1.849314e-02    1.102775e+05    1.887734e-16
161.45227033470 -12.07316316588 3.397785e-02    1.102775e+05    5.581574e-17
161.54353844887 -12.10191075804 1.616789e-03    1.102775e+05    2.474818e-14
161.54001472056 -12.10078754530 2.865152e-03    1.102775e+05    7.879333e-15
161.49036975508 -12.08517520405 2.045016e-02    1.102775e+05    1.543355e-16
161.54326768674 -12.10183088950 1.718982e-03    1.102775e+05    2.189285e-14
161.50337205243 -12.08925605706 1.583571e-02    1.102775e+05    2.575295e-16
161.51483688814 -12.09288423229 1.177470e-02    1.102775e+05    4.660320e-16
161.53451621562 -12.09906685133 4.811038e-03    1.102775e+05    2.793861e-15
161.44447608185 -12.07071749058 3.674920e-02    1.102775e+05    4.769877e-17
161.54261496189 -12.10162121701 1.943543e-03    1.102775e+05    1.712556e-14
161.54622080417 -12.10274750703 6.700309e-04    1.102775e+05    1.441154e-13
161.43695916127 -12.06834431045 3.942521e-02    1.102775e+05    4.142997e-17
161.54121149661 -12.10117817033 2.444729e-03    1.102775e+05    1.082295e-14
161.54324132011 -12.10181840434 1.727692e-03    1.102775e+05    2.167263e-14
161.46606781185 -12.07751460096 2.907976e-02    1.102775e+05    7.624726e-17
161.53320483705 -12.09864087727 5.277652e-03    1.102775e+05    2.321539e-15
161.53544846779 -12.09935291611 4.484975e-03    1.102775e+05    3.214985e-15
161.50767318045 -12.09061518255 1.430965e-02    1.102775e+05    3.154455e-16
161.53099944777 -12.09794851821 6.059873e-03    1.102775e+05    1.760716e-15
161.54535112636 -12.10248733200 9.813341e-04    1.102775e+05    6.718156e-14
161.50687081791 -12.09035414584 1.460159e-02    1.102775e+05    3.029473e-16
161.46442625137 -12.07700521424 2.965718e-02    1.102775e+05    7.330199e-17
161.54400633062 -12.10205658986 1.450781e-03    1.102775e+05    3.073656e-14
161.54206030644 -12.10143456263 2.142774e-03    1.102775e+05    1.408867e-14
161.46038191807 -12.07572090077 3.109169e-02    1.102775e+05    6.668243e-17
161.54807401764 -12.10332156661 2.224101e-05    1.102775e+05    1.308053e-10
161.46831498966 -12.07821506516 2.827519e-02    1.102775e+05    8.065610e-17
161.54281118564 -12.10168564935 1.876723e-03    1.102775e+05    1.836691e-14
161.54801637690 -12.10332421592 3.348043e-05    1.102775e+05    5.772335e-11
161.45135646028 -12.07285900985 3.430687e-02    1.102775e+05    5.474810e-17
161.50623713982 -12.09016683844 1.482169e-02    1.102775e+05    2.940082e-16
161.53790952504 -12.10014337724 3.614013e-03    1.102775e+05    4.951830e-15
161.54808944006 -12.10335276431 1.265544e-05    1.102775e+05    4.039992e-10
161.48569348285 -12.08368578883 2.211126e-02    1.102775e+05    1.319912e-16
161.53618285178 -12.09957927375 4.221167e-03    1.102775e+05    3.629510e-15
161.48351748637 -12.08300767506 2.287422e-02    1.102775e+05    1.233216e-16
161.54711614884 -12.10303865920 3.593971e-04    1.102775e+05    5.009188e-13
161.53812688181 -12.10020534828 3.538741e-03    1.102775e+05    5.164775e-15
161.46834448141 -12.07822260712 2.826904e-02    1.102775e+05    8.069126e-17
161.46244970236 -12.07635404973 3.036395e-02    1.102775e+05    6.992333e-17
161.48825196188 -12.08449332608 2.120395e-02    1.102775e+05    1.435444e-16
161.45347660383 -12.07355696730 3.354983e-02    1.102775e+05    5.725199e-17
161.50002837809 -12.08820136519 1.702636e-02    1.102775e+05    2.227387e-16
161.51076826850 -12.09158824235 1.321935e-02    1.102775e+05    3.696748e-16
161.52112572858 -12.09483675954 9.552190e-03    1.102775e+05    7.083155e-16
161.54722713240 -12.10305907575 3.182813e-04    1.102775e+05    6.386996e-13
161.45322050915 -12.07346114382 3.364385e-02    1.102775e+05    5.693182e-17
161.52333244281 -12.09555577649 8.767189e-03    1.102775e+05    8.409168e-16
161.47783428220 -12.08120001501 2.489869e-02    1.102775e+05    1.040573e-16
161.54553207342 -12.10253095347 9.147196e-04    1.102775e+05    7.732348e-14
161.54778087731 -12.10325456681 1.225719e-04    1.102775e+05    4.306722e-12
