#        RA [deg]       Dec [deg]  beta    #n scale factor   tot flux [Jy]
159.66061475599 -11.22677014985 1.927850e-01    4.516318e+07    1.587069e-15
159.64496822312 -11.21506950443 2.418194e-01    4.516318e+07    1.006691e-15
159.60321192699 -11.18383791486 3.733509e-01    4.516318e+07    4.200800e-16
159.71453585702 -11.26710272414 2.474494e-02    4.516318e+07    9.699261e-14
159.65872754721 -11.22536139626 1.986906e-01    4.516318e+07    1.493770e-15
159.72055995466 -11.27160744649 6.067242e-03    4.516318e+07    1.614580e-12
159.68324369370 -11.24369736423 1.220782e-01    4.516318e+07    3.969299e-15
159.61841806798 -11.19521374696 3.253443e-01    4.516318e+07    5.542719e-16
159.70031482662 -11.25646568967 6.891687e-02    4.516318e+07    1.248184e-14
159.64074634151 -11.21191023449 2.550887e-01    4.516318e+07    9.041957e-16
159.61216339055 -11.19053182547 3.450849e-01    4.516318e+07    4.922784e-16
159.66964052139 -11.23351944224 1.645504e-01    4.516318e+07    2.180934e-15
159.63113397330 -11.20472321599 2.852911e-01    4.516318e+07    7.219996e-16
159.68379666492 -11.24411193067 1.203512e-01    4.516318e+07    4.084316e-15
159.66462678339 -11.22977026823 1.802239e-01    4.516318e+07    1.816933e-15
159.65775276471 -11.22463157629 2.017471e-01    4.516318e+07    1.448670e-15
159.64577856077 -11.21567599031 2.392872e-01    4.516318e+07    1.028215e-15
159.72250870631 -11.27306523448 2.807453e-05    4.516318e+07    7.542652e-08
159.72239885437 -11.27298309626 3.684634e-04    4.516318e+07    4.378793e-10
159.71873257567 -11.27024113450 1.173024e-02    4.516318e+07    4.318452e-13
159.63738686723 -11.20939904141 2.656321e-01    4.516318e+07    8.334855e-16
159.71237873764 -11.26548928623 3.143562e-02    4.516318e+07    6.008262e-14
159.62071351769 -11.19692527291 3.181216e-01    4.516318e+07    5.798958e-16
159.65248283571 -11.22069079067 2.182543e-01    4.516318e+07    1.236995e-15
159.67266504417 -11.23578194614 1.551032e-01    4.516318e+07    2.455644e-15
159.69897686101 -11.25546591985 7.307375e-02    4.516318e+07    1.110026e-14
159.70247331701 -11.25807834496 6.220878e-02    4.516318e+07    1.532304e-14
159.65416725064 -11.22194640256 2.129779e-01    4.516318e+07    1.299324e-15
159.60010665666 -11.18151571809 3.831740e-01    4.516318e+07    3.986594e-16
159.71941733173 -11.27075309282 9.607800e-03    4.516318e+07    6.437712e-13
159.68658581016 -11.24619453672 1.116586e-01    4.516318e+07    4.746675e-15
159.71664754004 -11.26868091171 1.819722e-02    4.516318e+07    1.793978e-13
159.64280038016 -11.21344874519 2.486317e-01    4.516318e+07    9.520182e-16
159.71082618767 -11.26432718968 3.625981e-02    4.516318e+07    4.514986e-14
159.64469878675 -11.21486666475 2.426792e-01    4.516318e+07    9.995353e-16
159.62455838496 -11.19980187493 3.060073e-01    4.516318e+07    6.270259e-16
159.66377491537 -11.22913656854 1.828901e-01    4.516318e+07    1.764153e-15
159.67610909346 -11.23836182331 1.443364e-01    4.516318e+07    2.836906e-15
159.69980001933 -11.25607983458 7.051863e-02    4.516318e+07    1.192047e-14
159.66969091421 -11.23355795952 1.643972e-01    4.516318e+07    2.185013e-15
159.68395270338 -11.24422848435 1.198659e-01    4.516318e+07    4.117542e-15
159.71882212705 -11.27030842100 1.145136e-02    4.516318e+07    4.531406e-13
159.72246890323 -11.27303541352 1.513291e-04    4.516318e+07    2.595984e-09
159.63696732155 -11.20908243575 2.669529e-01    4.516318e+07    8.252142e-16
159.70561657817 -11.26042947126 5.243486e-02    4.516318e+07    2.157650e-14
159.72165483911 -11.27242703853 2.672513e-03    4.516318e+07    8.322671e-12
159.64036214580 -11.21162287042 2.562862e-01    4.516318e+07    8.957221e-16
159.71119208753 -11.26460186836 3.511964e-02    4.516318e+07    4.813130e-14
159.62334478682 -11.19889869476 3.098138e-01    4.516318e+07    6.116185e-16
159.63623125863 -11.20853644541 2.692687e-01    4.516318e+07    8.110047e-16
159.71518048204 -11.26758420977 2.274296e-02    4.516318e+07    1.148293e-13
159.72101086642 -11.27194495665 4.669316e-03    4.516318e+07    2.726217e-12
159.69449221531 -11.25211025776 8.702663e-02    4.516318e+07    7.821771e-15
159.71653770478 -11.26859876275 1.853638e-02    4.516318e+07    1.728906e-13
159.71949413757 -11.27081074385 9.369016e-03    4.516318e+07    6.770110e-13
159.71118924532 -11.26459831194 3.513206e-02    4.516318e+07    4.809724e-14
159.72048882583 -11.27155464667 6.285190e-03    4.516318e+07    1.504532e-12
159.60353791742 -11.18407982242 3.723177e-01    4.516318e+07    4.224324e-16
159.72178917188 -11.27252690704 2.257996e-03    4.516318e+07    1.165905e-11
159.71720283152 -11.26909598059 1.647557e-02    4.516318e+07    2.188653e-13
159.67223707165 -11.23546139711 1.564363e-01    4.516318e+07    2.413839e-15
159.71513156459 -11.26754714067 2.289577e-02    4.516318e+07    1.133009e-13
159.67326809198 -11.23623612176 1.532150e-01    4.516318e+07    2.516735e-15
159.71999568613 -11.27118568104 7.815900e-03    4.516318e+07    9.728665e-13
159.71838503794 -11.26998061399 1.280899e-02    4.516318e+07    3.621539e-13
159.72089267572 -11.27185623885 5.035838e-03    4.516318e+07    2.343781e-12
159.72251666012 -11.27307138434 2.337803e-06    4.516318e+07    1.087762e-05
159.64181177241 -11.21270410046 2.517406e-01    4.516318e+07    9.285328e-16
159.63145633606 -11.20495939117 2.842939e-01    4.516318e+07    7.271030e-16
159.67665493939 -11.23876568217 1.426410e-01    4.516318e+07    2.904947e-15
159.70689631299 -11.26138819258 4.846233e-02    4.516318e+07    2.526288e-14
159.72212127567 -11.27277544575 1.228025e-03    4.516318e+07    3.941969e-11
159.66025669128 -11.22650176056 1.939093e-01    4.516318e+07    1.568646e-15
159.70532955659 -11.26021685861 5.332779e-02    4.516318e+07    2.085923e-14
159.63895421003 -11.21056692984 2.607156e-01    4.516318e+07    8.653895e-16
159.65001092819 -11.21884103772 2.260093e-01    4.516318e+07    1.153199e-15
159.63419026008 -11.20700699658 2.756832e-01    4.516318e+07    7.735025e-16
159.61064470891 -11.18939703957 3.498638e-01    4.516318e+07    4.788294e-16
159.63420511183 -11.20701591247 2.756492e-01    4.516318e+07    7.736946e-16
159.66457852708 -11.22973592479 1.803721e-01    4.516318e+07    1.813937e-15
159.67442766113 -11.23710461700 1.495860e-01    4.516318e+07    2.640720e-15
159.64675523259 -11.21640770911 2.362167e-01    4.516318e+07    1.055251e-15
159.67410077626 -11.23685999051 1.506093e-01    4.516318e+07    2.604850e-15
159.70434350298 -11.25947898757 5.638859e-02    4.516318e+07    1.865386e-14
159.71399322743 -11.26669558547 2.642809e-02    4.516318e+07    8.502565e-14
159.70301306445 -11.25848350984 6.052326e-02    4.516318e+07    1.618950e-14
159.63752821424 -11.20950183476 2.651978e-01    4.516318e+07    8.362327e-16
159.70652387474 -11.26110914246 4.961812e-02    4.516318e+07    2.409853e-14
159.59741710708 -11.17949963438 3.916785e-01    4.516318e+07    3.814041e-16
159.63635107757 -11.20862329744 2.688988e-01    4.516318e+07    8.132500e-16
159.64255836505 -11.21326417245 2.494009e-01    4.516318e+07    9.461256e-16
159.70091415380 -11.25691214838 6.705573e-02    4.516318e+07    1.318532e-14
159.71618775585 -11.26833741282 1.961916e-02    4.516318e+07    1.543268e-13
159.72226619188 -11.27288375368 7.794632e-04    4.516318e+07    9.784634e-11
159.71198329203 -11.26519228069 3.266706e-02    4.516318e+07    5.563536e-14
159.62673930839 -11.20143092738 2.991355e-01    4.516318e+07    6.563479e-16
159.72024762485 -11.27137428503 7.033143e-03    4.516318e+07    1.201507e-12
159.64870106877 -11.21785766041 2.301161e-01    4.516318e+07    1.112220e-15
159.71174317050 -11.26501332285 3.341154e-02    4.516318e+07    5.318202e-14
159.72014183950 -11.27129489997 7.360882e-03    4.516318e+07    1.096881e-12
159.72240759305 -11.27298975233 3.403680e-04    4.516318e+07    5.131522e-10
159.72232215395 -11.27292576745 6.051437e-04    4.516318e+07    1.623387e-10
159.63574194016 -11.20816485934 2.708158e-01    4.516318e+07    8.017149e-16
159.71101467495 -11.26446835722 3.567268e-02    4.516318e+07    4.664943e-14
159.70087462365 -11.25688269769 6.717399e-02    4.516318e+07    1.313887e-14
159.62099021148 -11.19713402965 3.172392e-01    4.516318e+07    5.831472e-16
159.63256897882 -11.20579414136 2.807924e-01    4.516318e+07    7.454557e-16
159.71640726791 -11.26850087616 1.894150e-02    4.516318e+07    1.655715e-13
159.67416333328 -11.23690294400 1.504229e-01    4.516318e+07    2.611331e-15
159.68146767713 -11.24236668521 1.276211e-01    4.516318e+07    3.631172e-15
159.72232310847 -11.27292658030 6.027398e-04    4.516318e+07    1.636362e-10
159.71040739561 -11.26401291350 3.755926e-02    4.516318e+07    4.207756e-14
159.60473102308 -11.18496967035 3.685548e-01    4.516318e+07    4.311679e-16
159.70694794687 -11.26142734980 4.830006e-02    4.516318e+07    2.543308e-14
159.70014698929 -11.25633906391 6.944048e-02    4.516318e+07    1.229405e-14
159.70843169230 -11.26253555058 4.369187e-02    4.516318e+07    3.108670e-14
159.71765646085 -11.26943622231 1.506554e-02    4.516318e+07    2.617662e-13
159.68871479416 -11.24779036878 1.050219e-01    4.516318e+07    5.366995e-15
159.72181827073 -11.27254880402 2.167721e-03    4.516318e+07    1.265041e-11
159.70937223668 -11.26323911066 4.077165e-02    4.516318e+07    3.570352e-14
159.69300114336 -11.25099497905 9.167544e-02    4.516318e+07    7.047274e-15
159.71059200377 -11.26415078601 3.698478e-02    4.516318e+07    4.339590e-14
159.69132245751 -11.24973853138 9.690447e-02    4.516318e+07    6.305901e-15
159.63683899151 -11.20898478359 2.673635e-01    4.516318e+07    8.226681e-16
159.71957388483 -11.27087017953 9.121103e-03    4.516318e+07    7.143209e-13
159.71062026616 -11.26417356242 3.689761e-02    4.516318e+07    4.360134e-14
159.65817032386 -11.22494353518 2.004390e-01    4.516318e+07    1.467719e-15
159.64860890393 -11.21778991147 2.304107e-01    4.516318e+07    1.109364e-15
159.69453514001 -11.25214193759 8.690060e-02    4.516318e+07    7.844513e-15
159.71923169575 -11.27061431956 1.018381e-02    4.516318e+07    5.729916e-13
159.60795017371 -11.18738412194 3.583701e-01    4.516318e+07    4.562110e-16
159.68151211495 -11.24240292132 1.274730e-01    4.516318e+07    3.639640e-15
159.62302139434 -11.19864957563 3.108445e-01    4.516318e+07    6.075440e-16
159.69451493572 -11.25212648340 8.695680e-02    4.516318e+07    7.834360e-15
159.70392820292 -11.25916715101 5.768301e-02    4.516318e+07    1.782512e-14
159.64989629158 -11.21875579046 2.263676e-01    4.516318e+07    1.149535e-15
159.72117317565 -11.27206669010 4.164671e-03    4.516318e+07    3.427003e-12
159.71300629063 -11.26595740008 2.948918e-02    4.516318e+07    6.828134e-14
159.72113119978 -11.27203497338 4.295641e-03    4.516318e+07    3.221200e-12
159.70324847411 -11.25865860625 5.979391e-02    4.516318e+07    1.658735e-14
159.63927618479 -11.21081332634 2.597014e-01    4.516318e+07    8.721980e-16
159.68390971248 -11.24419224209 1.200047e-01    4.516318e+07    4.107999e-15
159.71898807798 -11.27043134329 1.093956e-02    4.516318e+07    4.965423e-13
159.70710425762 -11.26154395186 4.781577e-02    4.516318e+07    2.595139e-14
159.67462801311 -11.23725411115 1.489654e-01    4.516318e+07    2.662835e-15
159.67868644442 -11.24028810652 1.362918e-01    4.516318e+07    3.182726e-15
159.71097893930 -11.26444087092 3.578151e-02    4.516318e+07    4.636589e-14
159.59975611133 -11.18125447521 3.842726e-01    4.516318e+07    3.963656e-16
159.66270313600 -11.22833420896 1.862480e-01    4.516318e+07    1.700883e-15
159.71579445742 -11.26804266739 2.084390e-02    4.516318e+07    1.367170e-13
159.64198770606 -11.21283707238 2.511915e-01    4.516318e+07    9.326173e-16
159.59609946316 -11.17851646231 3.958394e-01    4.516318e+07    3.733652e-16
159.72234131018 -11.27294031659 5.459583e-04    4.516318e+07    1.994440e-10
159.68922413514 -11.24816748521 1.034390e-01    4.516318e+07    5.532874e-15
159.71968113746 -11.27095032693 8.789287e-03    4.516318e+07    7.692840e-13
159.71277991262 -11.26578753399 3.019451e-02    4.516318e+07    6.512666e-14
159.61133159870 -11.18990907779 3.477049e-01    4.516318e+07    4.848363e-16
159.61875702617 -11.19546712675 3.242706e-01    4.516318e+07    5.579726e-16
159.60738068117 -11.18695378125 3.601852e-01    4.516318e+07    4.515916e-16
159.59625127957 -11.17862840732 3.953638e-01    4.516318e+07    3.742712e-16
159.71779037860 -11.26953636751 1.465252e-02    4.516318e+07    2.767360e-13
159.70746873987 -11.26181507046 4.668093e-02    4.516318e+07    2.722977e-14
159.65678130912 -11.22390668491 2.047823e-01    4.516318e+07    1.405872e-15
159.68414961879 -11.24437359737 1.192568e-01    4.516318e+07    4.159813e-15
159.64300822168 -11.21360178302 2.479801e-01    4.516318e+07    9.570538e-16
159.71958284688 -11.27087700741 9.092774e-03    4.516318e+07    7.187797e-13
159.64315929350 -11.21371402739 2.475066e-01    4.516318e+07    9.607375e-16
159.66517106225 -11.23017791830 1.785222e-01    4.516318e+07    1.851864e-15
159.62460562458 -11.19983678027 3.058499e-01    4.516318e+07    6.276757e-16
159.69699517277 -11.25398211130 7.923782e-02    4.516318e+07    9.438044e-15
159.71263519044 -11.26567965507 3.064528e-02    4.516318e+07    6.322365e-14
159.68263517140 -11.24323928648 1.239750e-01    4.516318e+07    3.848473e-15
159.68985538159 -11.24864209231 1.014717e-01    4.516318e+07    5.749952e-15
159.71154386391 -11.26486376502 3.403045e-02    4.516318e+07    5.126390e-14
159.70133460538 -11.25722883475 6.574332e-02    4.516318e+07    1.371774e-14
159.65268237902 -11.22083728546 2.176355e-01    4.516318e+07    1.244070e-15
159.62821823126 -11.20253909501 2.944757e-01    4.516318e+07    6.774121e-16
159.71995274017 -11.27115365094 7.947116e-03    4.516318e+07    9.410003e-13
159.71496886515 -11.26742468247 2.340293e-02    4.516318e+07    1.084413e-13
159.70677869906 -11.26130001633 4.882559e-02    4.516318e+07    2.488801e-14
159.71180412710 -11.26505786531 3.322072e-02    4.516318e+07    5.379516e-14
159.69576081116 -11.25305736724 8.308685e-02    4.516318e+07    8.582513e-15
159.65536950838 -11.22285003185 2.092056e-01    4.516318e+07    1.346809e-15
159.60984420442 -11.18879378190 3.524044e-01    4.516318e+07    4.719016e-16
159.66882535167 -11.23291168210 1.670991e-01    4.516318e+07    2.114691e-15
159.71485468585 -11.26734063264 2.375603e-02    4.516318e+07    1.052401e-13
159.69578691932 -11.25307907754 8.299837e-02    4.516318e+07    8.600851e-15
159.64039690256 -11.21164772086 2.561847e-01    4.516318e+07    8.964352e-16
159.69600501579 -11.25324145757 8.231878e-02    4.516318e+07    8.743691e-15
159.71773989332 -11.26949866819 1.480781e-02    4.516318e+07    2.709603e-13
159.71787780168 -11.26960112428 1.437944e-02    4.516318e+07    2.873497e-13
159.61324223594 -11.19134084716 3.416717e-01    4.516318e+07    5.022322e-16
159.72251598002 -11.27307087469 4.709291e-06    4.516318e+07    2.680641e-06
159.64356115188 -11.21401437927 2.462400e-01    4.516318e+07    9.706958e-16
159.70660767982 -11.26117188145 4.935406e-02    4.516318e+07    2.435734e-14
159.68435469991 -11.24452696575 1.186170e-01    4.516318e+07    4.204917e-15
159.69155127487 -11.24991041781 9.618330e-02    4.516318e+07    6.401005e-15
159.68742626014 -11.24682291264 1.090395e-01    4.516318e+07    4.977976e-15
159.70352418349 -11.25886591361 5.893492e-02    4.516318e+07    1.707501e-14
159.71426094599 -11.26689658631 2.559869e-02    4.516318e+07    9.062764e-14
159.72238977216 -11.27297651623 3.954789e-04    4.516318e+07    3.800984e-10
159.64194443538 -11.21280667206 2.513151e-01    4.516318e+07    9.316953e-16
159.69156267843 -11.24992050627 9.614789e-02    4.516318e+07    6.405730e-15
159.66521151363 -11.23020940226 1.783964e-01    4.516318e+07    1.854487e-15
159.70710944695 -11.26154809250 4.779743e-02    4.516318e+07    2.597133e-14
159.70733702573 -11.26171807588 4.708779e-02    4.516318e+07    2.676081e-14
159.62147898709 -11.19750020998 3.156979e-01    4.516318e+07    5.888918e-16
159.61228539065 -11.19062226265 3.446882e-01    4.516318e+07    4.934199e-16
159.70722106407 -11.26163114828 4.744765e-02    4.516318e+07    2.635603e-14
159.71835279222 -11.26995701075 1.290843e-02    4.516318e+07    3.565939e-13
159.72221704944 -11.27284703131 9.313071e-04    4.516318e+07    6.854052e-11
159.69056252413 -11.24917165660 9.926189e-02    4.516318e+07    6.009358e-15
159.72182081105 -11.27255079674 2.159039e-03    4.516318e+07    1.275236e-11
159.71033918037 -11.26396246536 3.776684e-02    4.516318e+07    4.161592e-14
159.72204220332 -11.27271620504 1.472837e-03    4.516318e+07    2.740401e-11
159.71371035089 -11.26648452194 2.730379e-02    4.516318e+07    7.965629e-14
159.70143384460 -11.25730034425 6.543938e-02    4.516318e+07    1.384563e-14
159.70491585871 -11.25990703168 5.460969e-02    4.516318e+07    1.989039e-14
159.61822265285 -11.19506145499 3.259688e-01    4.516318e+07    5.521361e-16
159.68927730536 -11.24821073615 1.032680e-01    4.516318e+07    5.551253e-15
159.62061176034 -11.19685026249 3.184265e-01    4.516318e+07    5.787785e-16
159.69192281904 -11.25018915207 9.503146e-02    4.516318e+07    6.557420e-15
159.66754181173 -11.23195038339 1.711122e-01    4.516318e+07    2.016334e-15
159.71237293149 -11.26548404085 3.145849e-02    4.516318e+07    5.999523e-14
159.69911902556 -11.25556901554 7.263707e-02    4.516318e+07    1.123433e-14
159.72236369443 -11.27295689327 4.762205e-04    4.516318e+07    2.621351e-10
159.72224823765 -11.27287058722 8.343292e-04    4.516318e+07    8.540041e-11
159.68122765102 -11.24218681840 1.283678e-01    4.516318e+07    3.588946e-15
159.63179099057 -11.20521172994 2.832270e-01    4.516318e+07    7.326226e-16
159.71135300796 -11.26472012663 3.462209e-02    4.516318e+07    4.952563e-14
159.63247173907 -11.20572299736 2.810922e-01    4.516318e+07    7.438572e-16
159.72165934904 -11.27242982188 2.659549e-03    4.516318e+07    8.404007e-12
159.60261474859 -11.18338741681 3.752454e-01    4.516318e+07    4.158172e-16
159.69211427750 -11.25033107104 9.443070e-02    4.516318e+07    6.641284e-15
159.64341899169 -11.21390936591 2.466917e-01    4.516318e+07    9.671274e-16
159.64142443740 -11.21241717510 2.529503e-01    4.516318e+07    9.196274e-16
159.72067381741 -11.27169294804 5.712981e-03    4.516318e+07    1.821055e-12
159.67857987363 -11.24020768498 1.366252e-01    4.516318e+07    3.167171e-15
159.71892776465 -11.27038626931 1.112689e-02    4.516318e+07    4.799597e-13
159.71804399759 -11.26972573900 1.386697e-02    4.516318e+07    3.089874e-13
159.72085270517 -11.27182659291 5.158953e-03    4.516318e+07    2.233239e-12
159.66479131732 -11.22989299631 1.797133e-01    4.516318e+07    1.827311e-15
159.61632644633 -11.19364414208 3.319522e-01    4.516318e+07    5.322825e-16
159.62496446703 -11.20010882202 3.047101e-01    4.516318e+07    6.324094e-16
159.71417082396 -11.26682916154 2.587853e-02    4.516318e+07    8.867723e-14
159.65146992313 -11.21993055904 2.214334e-01    4.516318e+07    1.201575e-15
159.63176556022 -11.20519327693 2.833200e-01    4.516318e+07    7.321389e-16
159.72001782257 -11.27120212473 7.747280e-03    4.516318e+07    9.901795e-13
159.72239648210 -11.27298139622 3.751722e-04    4.516318e+07    4.223590e-10
159.72003483965 -11.27121508370 7.692450e-03    4.516318e+07    1.004347e-12
159.68489033795 -11.24492864909 1.169452e-01    4.516318e+07    4.326291e-15
159.66901997809 -11.23305661852 1.664941e-01    4.516318e+07    2.130141e-15
159.61058141007 -11.18935163188 3.500613e-01    4.516318e+07    4.782852e-16
159.72006682857 -11.27123885866 7.594166e-03    4.516318e+07    1.030517e-12
159.61971555395 -11.19618080360 3.212493e-01    4.516318e+07    5.685870e-16
159.66565952983 -11.23054453512 1.770005e-01    4.516318e+07    1.883960e-15
159.64050159401 -11.21172928001 2.558498e-01    4.516318e+07    8.987963e-16
159.62461248066 -11.19984408664 3.058315e-01    4.516318e+07    6.277516e-16
159.71410466867 -11.26677918015 2.608237e-02    4.516318e+07    8.729588e-14
159.71355319190 -11.26636673851 2.779569e-02    4.516318e+07    7.686035e-14
159.67944338953 -11.24085365064 1.339323e-01    4.516318e+07    3.296171e-15
159.72244118321 -11.27301494285 2.364844e-04    4.516318e+07    1.063018e-09
159.71515339781 -11.26756404742 2.283041e-02    4.516318e+07    1.139509e-13
159.70029241515 -11.25644794829 6.898299e-02    4.516318e+07    1.245789e-14
159.64995242078 -11.21879309578 2.261938e-01    4.516318e+07    1.151309e-15
159.69316031096 -11.25111225800 9.117918e-02    4.516318e+07    7.124339e-15
159.65168797167 -11.22009635602 2.207485e-01    4.516318e+07    1.209077e-15
159.67996429816 -11.24124408808 1.323067e-01    4.516318e+07    3.377890e-15
159.72110862258 -11.27201817278 4.366630e-03    4.516318e+07    3.117307e-12
159.65843349421 -11.22514156613 1.996117e-01    4.516318e+07    1.479960e-15
159.61401177318 -11.19191735294 3.392354e-01    4.516318e+07    5.095221e-16
159.70699863273 -11.26146480824 4.814422e-02    4.516318e+07    2.559817e-14
159.59672015049 -11.17898305390 3.938856e-01    4.516318e+07    3.771082e-16
159.71794120485 -11.26964854265 1.418458e-02    4.516318e+07    2.953011e-13
159.69379191360 -11.25158666565 8.921088e-02    4.516318e+07    7.442778e-15
159.72135859129 -11.27220521077 3.590955e-03    4.516318e+07    4.609631e-12
159.65391383349 -11.22175595046 2.137766e-01    4.516318e+07    1.289591e-15
159.71793488824 -11.26964462124 1.420335e-02    4.516318e+07    2.945211e-13
159.71512981204 -11.26754658587 2.290161e-02    4.516318e+07    1.132432e-13
159.70363857807 -11.25895188292 5.857838e-02    4.516318e+07    1.728374e-14
159.72231364537 -11.27291950004 6.319434e-04    4.516318e+07    1.488614e-10
159.72109920720 -11.27201120871 4.394492e-03    4.516318e+07    3.077900e-12
159.72212974497 -11.27278203991 1.201850e-03    4.516318e+07    4.115553e-11
159.64327456500 -11.21380406947 2.471436e-01    4.516318e+07    9.635761e-16
159.69921068670 -11.25564027225 7.234502e-02    4.516318e+07    1.132535e-14
159.70100919211 -11.25698518908 6.675617e-02    4.516318e+07    1.330408e-14
159.65456830682 -11.22224617891 2.117271e-01    4.516318e+07    1.314787e-15
159.66935983706 -11.23331406461 1.654194e-01    4.516318e+07    2.158002e-15
159.68724622133 -11.24669122198 1.095934e-01    4.516318e+07    4.927670e-15
159.70368683850 -11.25898686860 5.843539e-02    4.516318e+07    1.736853e-14
159.63597097541 -11.20834203837 2.700838e-01    4.516318e+07    8.060902e-16
159.70814425516 -11.26232213017 4.458335e-02    4.516318e+07    2.985484e-14
159.70363361237 -11.25894656186 5.859983e-02    4.516318e+07    1.727108e-14
159.61658764847 -11.19384317321 3.311134e-01    4.516318e+07    5.350010e-16
159.64853867339 -11.21773582419 2.306265e-01    4.516318e+07    1.107279e-15
159.64891631716 -11.21802311382 2.294389e-01    4.516318e+07    1.118825e-15
159.59967897924 -11.18119334236 3.845266e-01    4.516318e+07    3.958382e-16
159.59759543762 -11.17963680605 3.911032e-01    4.516318e+07    3.825360e-16
159.68147340331 -11.24237043960 1.275991e-01    4.516318e+07    3.632430e-15
159.68198781002 -11.24275926597 1.259917e-01    4.516318e+07    3.725950e-15
159.63097832848 -11.20460341382 2.857943e-01    4.516318e+07    7.194445e-16
159.63635754308 -11.20862539969 2.688770e-01    4.516318e+07    8.133826e-16
159.70022226301 -11.25639470366 6.920166e-02    4.516318e+07    1.237917e-14
159.72119823115 -11.27208520102 4.087996e-03    4.516318e+07    3.556774e-12
159.70536952348 -11.26024571319 5.320041e-02    4.516318e+07    2.095934e-14
159.60282614862 -11.18354844931 3.745766e-01    4.516318e+07    4.173147e-16
159.71981035806 -11.27104661225 8.389878e-03    4.516318e+07    8.442863e-13
159.65099652317 -11.21957979992 2.229099e-01    4.516318e+07    1.185639e-15
159.66623012161 -11.23097072349 1.752110e-01    4.516318e+07    1.922779e-15
159.64941427322 -11.21839340097 2.278716e-01    4.516318e+07    1.134341e-15
159.72106008204 -11.27198216388 4.515816e-03    4.516318e+07    2.914722e-12
159.69334485099 -11.25125346890 9.059906e-02    4.516318e+07    7.216039e-15
159.60194029890 -11.18288872961 3.773626e-01    4.516318e+07    4.111293e-16
159.72055516079 -11.27160462126 6.080631e-03    4.516318e+07    1.607477e-12
159.67120600240 -11.23469090844 1.596560e-01    4.516318e+07    2.317161e-15
159.68075641367 -11.24183636670 1.298303e-01    4.516318e+07    3.508333e-15
159.69383391425 -11.25161787864 8.908257e-02    4.516318e+07    7.464273e-15
159.61011895907 -11.18900501707 3.515351e-01    4.516318e+07    4.742550e-16
159.67892391862 -11.24046622387 1.355482e-01    4.516318e+07    3.217840e-15
159.64918076570 -11.21821767995 2.286169e-01    4.516318e+07    1.126923e-15
159.71832318079 -11.26993492666 1.299827e-02    4.516318e+07    3.516807e-13
159.72237250631 -11.27296339789 4.494902e-04    4.516318e+07    2.942396e-10
159.64174560404 -11.21265452459 2.519518e-01    4.516318e+07    9.269684e-16
159.69066575750 -11.24924664976 9.894660e-02    4.516318e+07    6.047794e-15
159.64711689498 -11.21667739674 2.350843e-01    4.516318e+07    1.065490e-15
159.72228711786 -11.27289975623 7.137316e-04    4.516318e+07    1.166990e-10
159.64338038515 -11.21388181500 2.468078e-01    4.516318e+07    9.662129e-16
159.70459051295 -11.25966319403 5.562217e-02    4.516318e+07    1.917207e-14
159.71987467875 -11.27109538841 8.188340e-03    4.516318e+07    8.863655e-13
159.72251297080 -11.27306856590 1.395563e-05    4.516318e+07    3.052464e-07
159.63991369489 -11.21128534244 2.576977e-01    4.516318e+07    8.858856e-16
159.69448308587 -11.25210444570 8.705980e-02    4.516318e+07    7.815799e-15
159.71589950971 -11.26812256582 2.051367e-02    4.516318e+07    1.411561e-13
159.70279930365 -11.25832404406 6.118872e-02    4.516318e+07    1.583885e-14
159.65679290706 -11.22391016891 2.047498e-01    4.516318e+07    1.406320e-15
159.70831007081 -11.26244506402 4.407200e-02    4.516318e+07    3.055229e-14
159.72017845683 -11.27132233847 7.249154e-03    4.516318e+07    1.130958e-12
159.65045156377 -11.21916852619 2.246228e-01    4.516318e+07    1.167545e-15
159.61117278472 -11.18978941955 3.482096e-01    4.516318e+07    4.834218e-16
159.68805736488 -11.24729486967 1.070767e-01    4.516318e+07    5.162561e-15
159.60571706268 -11.18571236960 3.654296e-01    4.516318e+07    4.386295e-16
159.60731052578 -11.18690139461 3.603946e-01    4.516318e+07    4.510631e-16
159.71185030455 -11.26509361224 3.307997e-02    4.516318e+07    5.425423e-14
159.72139070154 -11.27222872583 3.492438e-03    4.516318e+07    4.873382e-12
159.71317084990 -11.26608144938 2.897715e-02    4.516318e+07    7.071722e-14
159.70065366669 -11.25671808710 6.786031e-02    4.516318e+07    1.287409e-14
159.71017154479 -11.26383854872 3.828761e-02    4.516318e+07    4.049068e-14
159.65944004250 -11.22589084841 1.964655e-01    4.516318e+07    1.527934e-15
159.61561793913 -11.19311377241 3.341855e-01    4.516318e+07    5.251445e-16
159.67784348344 -11.23965806363 1.389285e-01    4.516318e+07    3.062736e-15
159.68375578502 -11.24407822959 1.204857e-01    4.516318e+07    4.075180e-15
159.68280984725 -11.24337049584 1.234305e-01    4.516318e+07    3.882585e-15
159.66010091244 -11.22638441954 1.943973e-01    4.516318e+07    1.560750e-15
159.71272716119 -11.26574848609 3.035610e-02    4.516318e+07    6.443473e-14
159.64808613037 -11.21740328858 2.320394e-01    4.516318e+07    1.093772e-15
159.68949113899 -11.24836943942 1.026023e-01    4.516318e+07    5.623666e-15
159.71966937713 -11.27094118442 8.827581e-03    4.516318e+07    7.626230e-13
159.64694966551 -11.21654858271 2.356172e-01    4.516318e+07    1.060654e-15
159.64905772929 -11.21812523399 2.290004e-01    4.516318e+07    1.123134e-15
159.68917569361 -11.24813531175 1.035824e-01    4.516318e+07    5.517532e-15
159.69386004687 -11.25163881604 8.899611e-02    4.516318e+07    7.478810e-15
159.61075963455 -11.18948395702 3.495131e-01    4.516318e+07    4.797973e-16
159.65937489807 -11.22584563454 1.966649e-01    4.516318e+07    1.524826e-15
159.72107731898 -11.27199464314 4.462072e-03    4.516318e+07    2.985365e-12
159.62065860800 -11.19688967860 3.182782e-01    4.516318e+07    5.793214e-16
159.69317407457 -11.25112328325 9.113153e-02    4.516318e+07    7.131806e-15
159.62195027830 -11.19785069999 3.142191e-01    4.516318e+07    5.944834e-16
159.66475965631 -11.22986841613 1.798166e-01    4.516318e+07    1.825204e-15
159.68229783233 -11.24298919209 1.250218e-01    4.516318e+07    3.784135e-15
159.64548955096 -11.21546054208 2.401905e-01    4.516318e+07    1.020459e-15
159.70206190462 -11.25777228440 6.348299e-02    4.516318e+07    1.471333e-14
159.68880145226 -11.24785532955 1.047500e-01    4.516318e+07    5.394962e-15
159.61298056664 -11.19114190843 3.425023e-01    4.516318e+07    4.997824e-16
159.65616594576 -11.22344201852 2.067169e-01    4.516318e+07    1.379573e-15
159.69987850680 -11.25614006655 7.027124e-02    4.516318e+07    1.200467e-14
159.71819821141 -11.26984121413 1.338831e-02    4.516318e+07    3.314827e-13
159.63265600614 -11.20586247814 2.805038e-01    4.516318e+07    7.469990e-16
159.72070315581 -11.27171519716 5.622025e-03    4.516318e+07    1.880462e-12
159.63142370291 -11.20493875438 2.843919e-01    4.516318e+07    7.265991e-16
159.71957511945 -11.27087080663 9.118193e-03    4.516318e+07    7.147770e-13
159.62721391005 -11.20178971648 2.976316e-01    4.516318e+07    6.630377e-16
159.63838917257 -11.21014758900 2.624947e-01    4.516318e+07    8.536371e-16
159.68785064826 -11.24714365483 1.077109e-01    4.516318e+07    5.101813e-15
159.71625035433 -11.26838500306 1.942462e-02    4.516318e+07    1.574347e-13
159.71920494617 -11.27059396783 1.026701e-02    4.516318e+07    5.637408e-13
159.72095595739 -11.27190376537 4.839147e-03    4.516318e+07    2.538202e-12
159.70666178412 -11.26121181461 4.918706e-02    4.516318e+07    2.452319e-14
159.72198270838 -11.27267170049 1.657398e-03    4.516318e+07    2.164047e-11
159.68753036895 -11.24690304429 1.087138e-01    4.516318e+07    5.007915e-15
159.71962958925 -11.27091136126 8.949772e-03    4.516318e+07    7.419373e-13
159.71971887655 -11.27097815257 8.672460e-03    4.516318e+07    7.901535e-13
159.71084440664 -11.26434011708 3.620422e-02    4.516318e+07    4.528872e-14
159.71452363931 -11.26709255618 2.478342e-02    4.516318e+07    9.669145e-14
159.68840462812 -11.24755500639 1.059898e-01    4.516318e+07    5.269219e-15
159.68780561376 -11.24710654066 1.078569e-01    4.516318e+07    5.087982e-15
159.67222155363 -11.23545018498 1.564866e-01    4.516318e+07    2.412284e-15
159.65284287494 -11.22095613785 2.171255e-01    4.516318e+07    1.249947e-15
159.69910808572 -11.25556304477 7.266404e-02    4.516318e+07    1.122598e-14
159.71675482842 -11.26876151771 1.786402e-02    4.516318e+07    1.861550e-13
159.70012828422 -11.25632406679 6.949618e-02    4.516318e+07    1.227432e-14
159.72147901844 -11.27229504737 3.218471e-03    4.516318e+07    5.738435e-12
159.71769285836 -11.26946295557 1.495259e-02    4.516318e+07    2.657369e-13
159.66065588133 -11.22680307023 1.926490e-01    4.516318e+07    1.589319e-15
159.72241137284 -11.27299260042 3.291947e-04    4.516318e+07    5.485778e-10
159.65733958332 -11.22431916154 2.030428e-01    4.516318e+07    1.430166e-15
159.69698677064 -11.25397664433 7.926520e-02    4.516318e+07    9.431515e-15
159.64615215427 -11.21595365221 2.381055e-01    4.516318e+07    1.038496e-15
159.69523606993 -11.25266608400 8.471173e-02    4.516318e+07    8.255876e-15
159.71933652171 -11.27069260758 9.856579e-03    4.516318e+07    6.116777e-13
159.64696183904 -11.21656201317 2.355698e-01    4.516318e+07    1.061083e-15
159.71736610151 -11.26921893450 1.596852e-02    4.516318e+07    2.329901e-13
159.71211680180 -11.26529162295 3.225360e-02    4.516318e+07    5.707187e-14
159.69698895897 -11.25397779079 7.925705e-02    4.516318e+07    9.433458e-15
159.62833991263 -11.20263255403 2.940957e-01    4.516318e+07    6.791744e-16
159.64195347550 -11.21281060865 2.512943e-01    4.516318e+07    9.318505e-16
159.67179475608 -11.23513316615 1.578122e-01    4.516318e+07    2.371799e-15
159.72233912921 -11.27293841509 5.531641e-04    4.516318e+07    1.942817e-10
159.72177593711 -11.27251742140 2.297544e-03    4.516318e+07    1.126112e-11
159.65897489434 -11.22554712750 1.979116e-01    4.516318e+07    1.505600e-15
159.71794098158 -11.26964951269 1.418370e-02    4.516318e+07    2.953380e-13
159.66041081241 -11.22662097265 1.934159e-01    4.516318e+07    1.576692e-15
159.60861461677 -11.18787719308 3.562875e-01    4.516318e+07    4.615990e-16
159.70011251769 -11.25631404947 6.954021e-02    4.516318e+07    1.225876e-14
159.62928892746 -11.20334103778 2.910992e-01    4.516318e+07    6.933126e-16
159.72164612733 -11.27242010299 2.701142e-03    4.516318e+07    8.147176e-12
159.71969513816 -11.27096126575 8.746335e-03    4.516318e+07    7.768595e-13
159.70615715891 -11.26083429149 5.075847e-02    4.516318e+07    2.302681e-14
159.72081457061 -11.27179780705 5.276888e-03    4.516318e+07    2.134521e-12
159.71688706071 -11.26886033976 1.745108e-02    4.516318e+07    1.950724e-13
159.65193623527 -11.22028167035 2.199621e-01    4.516318e+07    1.217776e-15
159.70507480501 -11.26002621723 5.411975e-02    4.516318e+07    2.025255e-14
159.71769983347 -11.26946882435 1.493077e-02    4.516318e+07    2.665145e-13
159.65298788852 -11.22106333235 2.166771e-01    4.516318e+07    1.255148e-15
159.61065618993 -11.18940468641 3.498316e-01    4.516318e+07    4.789180e-16
159.72091108627 -11.27187017990 4.978653e-03    4.516318e+07    2.397936e-12
159.71320953342 -11.26611071231 2.885897e-02    4.516318e+07    7.129792e-14
159.65891429701 -11.22549785626 1.981022e-01    4.516318e+07    1.502692e-15
159.71981003766 -11.27104619409 8.391392e-03    4.516318e+07    8.439816e-13
159.69965296078 -11.25596934041 7.097347e-02    4.516318e+07    1.176796e-14
159.71989472650 -11.27110997441 8.128856e-03    4.516318e+07    8.993875e-13
159.71101892473 -11.26447012592 3.566167e-02    4.516318e+07    4.667828e-14
159.72113248486 -11.27203594349 4.291558e-03    4.516318e+07    3.227332e-12
159.67680209277 -11.23887653393 1.421833e-01    4.516318e+07    2.923733e-15
159.72251767225 -11.27307206511 1.040339e-08    4.516318e+07    5.492879e-01
159.72251779156 -11.27307202875 8.645504e-08    4.516318e+07    7.953697e-03
159.70478822458 -11.25981010276 5.501199e-02    4.516318e+07    1.960022e-14
159.67074843818 -11.23435248322 1.610857e-01    4.516318e+07    2.276080e-15
159.67618902717 -11.23841842717 1.440903e-01    4.516318e+07    2.846634e-15
159.71056382536 -11.26413017398 3.707414e-02    4.516318e+07    4.318680e-14
159.70890563090 -11.26288958170 4.222110e-02    4.516318e+07    3.329223e-14
159.64762719616 -11.21705479913 2.334845e-01    4.516318e+07    1.080212e-15
159.72067863846 -11.27169661038 5.697847e-03    4.516318e+07    1.830742e-12
159.72119302467 -11.27208081035 4.105604e-03    4.516318e+07    3.526329e-12
159.71612505817 -11.26829098435 1.981374e-02    4.516318e+07    1.513094e-13
159.65492960117 -11.22251839894 2.105834e-01    4.516318e+07    1.329170e-15
159.69285472455 -11.25088666528 9.212780e-02    4.516318e+07    6.978109e-15
159.72220988673 -11.27284181627 9.531578e-04    4.516318e+07    6.543396e-11
159.72251427052 -11.27306950316 1.030523e-05    4.516318e+07    5.598015e-07
159.66915296381 -11.23315710047 1.660725e-01    4.516318e+07    2.141007e-15
159.63204099349 -11.20540177743 2.824441e-01    4.516318e+07    7.367132e-16
159.66320739030 -11.22871078416 1.846693e-01    4.516318e+07    1.730199e-15
159.71510473550 -11.26752818932 2.297851e-02    4.516318e+07    1.124861e-13
159.60543482356 -11.18550311120 3.663252e-01    4.516318e+07    4.364718e-16
159.62199629826 -11.19788545930 3.140649e-01    4.516318e+07    5.950709e-16
159.62403416287 -11.19941101496 3.076523e-01    4.516318e+07    6.202971e-16
159.67168619224 -11.23505082973 1.581577e-01    4.516318e+07    2.361415e-15
159.71161825328 -11.26491915757 3.380107e-02    4.516318e+07    5.196252e-14
159.71658703892 -11.26863605891 1.838181e-02    4.516318e+07    1.758117e-13
159.72097488271 -11.27191813739 4.779612e-03    4.516318e+07    2.601835e-12
159.61501594777 -11.19266217860 3.360839e-01    4.516318e+07    5.191888e-16
159.72105945266 -11.27198108033 4.518906e-03    4.516318e+07    2.910737e-12
159.63732001256 -11.20934810396 2.658417e-01    4.516318e+07    8.321646e-16
159.65587177254 -11.22322339813 2.076346e-01    4.516318e+07    1.367354e-15
159.65182315802 -11.22019788554 2.203229e-01    4.516318e+07    1.213774e-15
159.71177020948 -11.26503202579 3.332998e-02    4.516318e+07    5.344279e-14
159.71625695632 -11.26838990994 1.940670e-02    4.516318e+07    1.577256e-13
159.66156323710 -11.22748027925 1.898120e-01    4.516318e+07    1.637372e-15
159.67902114444 -11.24053792710 1.352455e-01    4.516318e+07    3.232299e-15
159.71286077006 -11.26584835669 2.994363e-02    4.516318e+07    6.622324e-14
159.71148606578 -11.26482184091 3.420743e-02    4.516318e+07    5.073443e-14
159.71875504140 -11.27025794667 1.166009e-02    4.516318e+07    4.370579e-13
159.72178433435 -11.27252326344 2.272526e-03    4.516318e+07    1.151043e-11
159.70083285878 -11.25685140151 6.730906e-02    4.516318e+07    1.308612e-14
159.64490168389 -11.21501742251 2.420414e-01    4.516318e+07    1.004836e-15
159.69705360357 -11.25402598184 7.906206e-02    4.516318e+07    9.480122e-15
159.68236994476 -11.24304389663 1.248037e-01    4.516318e+07    3.797404e-15
159.71058816311 -11.26414945096 3.699375e-02    4.516318e+07    4.337484e-14
159.72241699455 -11.27299673694 3.110767e-04    4.516318e+07    6.143405e-10
159.61987983934 -11.19630495836 3.207446e-01    4.516318e+07    5.703892e-16
159.70748994426 -11.26183168603 4.661554e-02    4.516318e+07    2.730629e-14
159.71922936073 -11.27061207935 1.019137e-02    4.516318e+07    5.721424e-13
159.68325051101 -11.24369933169 1.220572e-01    4.516318e+07    3.970665e-15
159.64814744238 -11.21744290870 2.318550e-01    4.516318e+07    1.095521e-15
159.65800225474 -11.22481977161 2.009584e-01    4.516318e+07    1.460111e-15
159.72246701684 -11.27303421046 1.568215e-04    4.516318e+07    2.417328e-09
159.71518374869 -11.26758574978 2.273780e-02    4.516318e+07    1.148814e-13
159.63318255660 -11.20625153273 2.788644e-01    4.516318e+07    7.558581e-16
159.65782472956 -11.22468396543 2.015144e-01    4.516318e+07    1.452033e-15
159.72242390284 -11.27300185744 2.904818e-04    4.516318e+07    7.045417e-10
159.71541265806 -11.26775786073 2.202408e-02    4.516318e+07    1.224515e-13
159.72251744513 -11.27307189066 2.145809e-07    4.516318e+07    1.291123e-03
159.61603476097 -11.19342544998 3.328722e-01    4.516318e+07    5.293247e-16
159.65488579688 -11.22248573501 2.107200e-01    4.516318e+07    1.327439e-15
159.70107349758 -11.25703205956 6.655361e-02    4.516318e+07    1.338530e-14
159.66067266308 -11.22681192879 1.926077e-01    4.516318e+07    1.590004e-15
159.70921643485 -11.26312191569 4.125719e-02    4.516318e+07    3.486741e-14
159.68897661876 -11.24798446079 1.042037e-01    4.516318e+07    5.451798e-15
159.70857536814 -11.26264305803 4.324466e-02    4.516318e+07    3.173356e-14
159.63831362701 -11.21009208542 2.627251e-01    4.516318e+07    8.521325e-16
159.71652746897 -11.26859232642 1.856640e-02    4.516318e+07    1.723317e-13
159.72248284373 -11.27304603282 1.078733e-04    4.516318e+07    5.108809e-09
159.71003830640 -11.26373800277 3.870120e-02    4.516318e+07    3.962920e-14
159.67440642492 -11.23708435666 1.496602e-01    4.516318e+07    2.638096e-15
159.70776005427 -11.26203381990 4.577788e-02    4.516318e+07    2.831572e-14
159.59837495587 -11.18021720190 3.886471e-01    4.516318e+07    3.874247e-16
159.65705450935 -11.22410930728 2.039230e-01    4.516318e+07    1.417795e-15
159.63742703071 -11.20942807556 2.655048e-01    4.516318e+07    8.342892e-16
159.61945464653 -11.19598797154 3.220702e-01    4.516318e+07    5.656733e-16
159.65388115169 -11.22173418841 2.138758e-01    4.516318e+07    1.288390e-15
159.69605365031 -11.25327723339 8.217063e-02    4.516318e+07    8.775299e-15
159.66128310194 -11.22727301099 1.906850e-01    4.516318e+07    1.622356e-15
159.68820126583 -11.24740309074 1.066257e-01    4.516318e+07    5.206418e-15
159.67558248543 -11.23796673198 1.459875e-01    4.516318e+07    2.772914e-15
159.62901727839 -11.20313743047 2.919542e-01    4.516318e+07    6.892341e-16
159.72149427084 -11.27230656934 3.171068e-03    4.516318e+07    5.911290e-12
159.70792002266 -11.26215281631 4.527862e-02    4.516318e+07    2.894419e-14
159.65288523260 -11.22099258182 2.169902e-01    4.516318e+07    1.251513e-15
159.66723176295 -11.23172019565 1.720841e-01    4.516318e+07    1.993544e-15
159.68986631695 -11.24864910666 1.014393e-01    4.516318e+07    5.753636e-15
159.71893582889 -11.27039306868 1.110024e-02    4.516318e+07    4.822681e-13
159.66586368877 -11.23069962942 1.763528e-01    4.516318e+07    1.897873e-15
159.68827954990 -11.24746493119 1.063742e-01    4.516318e+07    5.231121e-15
159.68145975140 -11.24236313086 1.276427e-01    4.516318e+07    3.629944e-15
159.71068582352 -11.26422220318 3.669104e-02    4.516318e+07    4.409403e-14
159.70815551348 -11.26232894452 4.455003e-02    4.516318e+07    2.989956e-14
159.72237395699 -11.27296444687 4.451194e-04    4.516318e+07    3.000466e-10
159.71784517770 -11.26957702269 1.448095e-02    4.516318e+07    2.833344e-13
159.65846738397 -11.22516439369 1.995074e-01    4.516318e+07    1.481514e-15
159.69373404342 -11.25154121113 8.939109e-02    4.516318e+07    7.412745e-15
159.65579700068 -11.22316967931 2.078704e-01    4.516318e+07    1.364240e-15
159.62909080251 -11.20319055597 2.917384e-01    4.516318e+07    6.902601e-16
159.64507967741 -11.21514902380 2.414847e-01    4.516318e+07    1.009497e-15
159.70457411768 -11.25964958417 5.567504e-02    4.516318e+07    1.913563e-14
159.65302964994 -11.22109564515 2.165430e-01    4.516318e+07    1.256710e-15
159.63611431767 -11.20844864806 2.696299e-01    4.516318e+07    8.088216e-16
159.71601058318 -11.26820530141 2.017166e-02    4.516318e+07    1.459853e-13
159.72233829815 -11.27293779372 5.561228e-04    4.516318e+07    1.922199e-10
159.62698568141 -11.20161623992 2.983629e-01    4.516318e+07    6.597719e-16
159.70508311524 -11.26003263785 5.409277e-02    4.516318e+07    2.027278e-14
159.69439471740 -11.25203857599 8.733360e-02    4.516318e+07    7.766784e-15
159.61092547821 -11.18960386553 3.489946e-01    4.516318e+07    4.812342e-16
159.68472259545 -11.24480019290 1.174700e-01    4.516318e+07    4.287634e-15
159.71752041326 -11.26933503758 1.548763e-02    4.516318e+07    2.476883e-13
159.68953606114 -11.24840076252 1.024672e-01    4.516318e+07    5.638545e-15
159.72198056622 -11.27267038911 1.662934e-03    4.516318e+07    2.149663e-11
159.69694716190 -11.25394724083 7.938654e-02    4.516318e+07    9.402659e-15
159.71080395484 -11.26430963126 3.632564e-02    4.516318e+07    4.498624e-14
159.63659309882 -11.20880566575 2.681258e-01    4.516318e+07    8.179714e-16
159.72126527628 -11.27213538238 3.879451e-03    4.516318e+07    3.949485e-12
159.64547620908 -11.21544725774 2.402401e-01    4.516318e+07    1.020035e-15
159.71976852994 -11.27101526018 8.519101e-03    4.516318e+07    8.188629e-13
159.63303347579 -11.20614480830 2.793183e-01    4.516318e+07    7.533898e-16
159.71983883188 -11.27106828990 8.300709e-03    4.516318e+07    8.625260e-13
159.65113345155 -11.21968114842 2.224791e-01    4.516318e+07    1.190256e-15
159.72244638077 -11.27301867814 2.203402e-04    4.516318e+07    1.224498e-09
159.69538864214 -11.25277997389 8.424100e-02    4.516318e+07    8.348560e-15
159.70246159586 -11.25806914873 6.224379e-02    4.516318e+07    1.530578e-14
159.65253376027 -11.22072688473 2.180937e-01    4.516318e+07    1.238825e-15
159.68971486328 -11.24853602779 1.019055e-01    4.516318e+07    5.701002e-15
159.65289368630 -11.22099638361 2.169639e-01    4.516318e+07    1.251818e-15
159.67702681948 -11.23904538606 1.414732e-01    4.516318e+07    2.953243e-15
159.64515018870 -11.21520208126 2.412548e-01    4.516318e+07    1.011431e-15
159.69875550020 -11.25529789348 7.376686e-02    4.516318e+07    1.089234e-14
159.71605819908 -11.26824005265 2.002244e-02    4.516318e+07    1.481702e-13
159.67738614828 -11.23931654860 1.403525e-01    4.516318e+07    3.000728e-15
159.65607284384 -11.22337291241 2.070015e-01    4.516318e+07    1.375767e-15
159.62540243664 -11.20043609076 3.033431e-01    4.516318e+07    6.381573e-16
159.61446794355 -11.19225650597 3.377970e-01    4.516318e+07    5.139005e-16
159.71877279570 -11.27027039157 1.160637e-02    4.516318e+07    4.411143e-13
159.65113700130 -11.21967945051 2.224754e-01    4.516318e+07    1.190297e-15
159.71111338932 -11.26454218294 3.536694e-02    4.516318e+07    4.746008e-14
159.68597465855 -11.24573726296 1.135639e-01    4.516318e+07    4.588388e-15
159.64373364013 -11.21414349600 2.457112e-01    4.516318e+07    9.748995e-16
159.66746439363 -11.23189623868 1.713466e-01    4.516318e+07    2.010803e-15
159.67294076637 -11.23599055625 1.542351e-01    4.516318e+07    2.483453e-15
159.60590326460 -11.18585139583 3.648461e-01    4.516318e+07    4.400441e-16
159.61823873026 -11.19507632360 3.259166e-01    4.516318e+07    5.523141e-16
159.71782471386 -11.26956113697 1.454478e-02    4.516318e+07    2.808520e-13
159.71052737720 -11.26410456698 3.718466e-02    4.516318e+07    4.293026e-14
159.71490584754 -11.26737920718 2.359547e-02    4.516318e+07    1.066779e-13
159.67855981695 -11.24019533254 1.366863e-01    4.516318e+07    3.164330e-15
159.68313210167 -11.24361382454 1.224277e-01    4.516318e+07    3.946611e-15
159.68622042572 -11.24592209625 1.127975e-01    4.516318e+07    4.651093e-15
159.62333947903 -11.19889000219 3.098341e-01    4.516318e+07    6.115381e-16
159.61541192806 -11.19295890916 3.348313e-01    4.516318e+07    5.231070e-16
159.71456039133 -11.26712096866 2.466858e-02    4.516318e+07    9.759428e-14
159.66270711933 -11.22833817662 1.862283e-01    4.516318e+07    1.701245e-15
159.70272583188 -11.25826778176 6.141997e-02    4.516318e+07    1.571966e-14
159.69302957997 -11.25101386780 9.158700e-02    4.516318e+07    7.060917e-15
159.65715726176 -11.22418518377 2.036139e-01    4.516318e+07    1.422120e-15
159.67227798609 -11.23549259423 1.563087e-01    4.516318e+07    2.417795e-15
159.66695199408 -11.23150972712 1.729522e-01    4.516318e+07    1.973512e-15
159.71441581915 -11.26701098774 2.511903e-02    4.516318e+07    9.412367e-14
159.63868728755 -11.21036847930 2.615602e-01    4.516318e+07    8.597802e-16
159.70324630825 -11.25865605000 5.980589e-02    4.516318e+07    1.658070e-14
159.71333181762 -11.26620140016 2.848110e-02    4.516318e+07    7.320349e-14
159.64487886138 -11.21500330630 2.421022e-01    4.516318e+07    1.004329e-15
159.66658372768 -11.23123420826 1.741115e-01    4.516318e+07    1.947227e-15
159.71106991435 -11.26450809413 3.550227e-02    4.516318e+07    4.709866e-14
159.61217053514 -11.19053814206 3.450614e-01    4.516318e+07    4.923457e-16
159.70314368063 -11.25858045536 6.011818e-02    4.516318e+07    1.640868e-14
159.72232257939 -11.27292618240 6.043962e-04    4.516318e+07    1.627404e-10
159.65220016269 -11.22047823582 2.191387e-01    4.516318e+07    1.226986e-15
159.62665627660 -11.20137217833 2.993893e-01    4.516318e+07    6.552287e-16
159.71824048442 -11.26987217804 1.325664e-02    4.516318e+07    3.381021e-13
159.67781914368 -11.23963764847 1.390031e-01    4.516318e+07    3.059440e-15
159.65679819549 -11.22391711343 2.047383e-01    4.516318e+07    1.406479e-15
159.62682061759 -11.20149562805 2.988768e-01    4.516318e+07    6.574914e-16
159.60704402976 -11.18670503214 3.612426e-01    4.516318e+07    4.489325e-16
159.69484937946 -11.25237658119 8.592285e-02    4.516318e+07    8.024381e-15
159.72030851630 -11.27141923777 6.845858e-03    4.516318e+07    1.268156e-12
159.62160575901 -11.19759394123 3.152966e-01    4.516318e+07    5.904012e-16
159.66090405703 -11.22698577134 1.918735e-01    4.516318e+07    1.602242e-15
159.71780398084 -11.26954610638 1.460952e-02    4.516318e+07    2.783677e-13
159.63651883419 -11.20875087050 2.683592e-01    4.516318e+07    8.165414e-16
159.71504534619 -11.26748272547 2.316635e-02    4.516318e+07    1.106685e-13
159.70777498145 -11.26204369330 4.573274e-02    4.516318e+07    2.837170e-14
159.67333611588 -11.23628418573 1.529993e-01    4.516318e+07    2.523860e-15
159.64932540069 -11.21832418532 2.281591e-01    4.516318e+07    1.131471e-15
159.70163045435 -11.25744854031 6.482557e-02    4.516318e+07    1.410942e-14
159.61565661656 -11.19314678986 3.340463e-01    4.516318e+07    5.255853e-16
159.72099491661 -11.27193273110 4.718387e-03    4.516318e+07    2.669802e-12
159.61263054340 -11.19087803168 3.436085e-01    4.516318e+07    4.965475e-16
159.63733256268 -11.20935973007 2.658085e-01    4.516318e+07    8.323735e-16
159.65925246721 -11.22575381929 1.970477e-01    4.516318e+07    1.518883e-15
159.68957744463 -11.24843573325 1.023327e-01    4.516318e+07    5.653403e-15
159.71998416080 -11.27117735472 7.850667e-03    4.516318e+07    9.642673e-13
159.63745084270 -11.20944803310 2.654376e-01    4.516318e+07    8.347139e-16
159.68573818801 -11.24556164868 1.143034e-01    4.516318e+07    4.529067e-15
159.69704224257 -11.25401775491 7.909105e-02    4.516318e+07    9.473162e-15
159.65903825985 -11.22559252751 1.977128e-01    4.516318e+07    1.508641e-15
159.72095562956 -11.27190382210 4.839267e-03    4.516318e+07    2.538077e-12
159.72251256101 -11.27306813163 1.574473e-05    4.516318e+07    2.398164e-07
159.68696411865 -11.24648087880 1.104757e-01    4.516318e+07    4.849106e-15
159.71429441427 -11.26692144446 2.549227e-02    4.516318e+07    9.138627e-14
159.60105218189 -11.18222040967 3.801750e-01    4.516318e+07    4.050228e-16
159.64481008844 -11.21494721680 2.423312e-01    4.516318e+07    1.002422e-15
159.68521781305 -11.24517234688 1.159237e-01    4.516318e+07    4.403057e-15
159.71519184676 -11.26759313530 2.270884e-02    4.516318e+07    1.151748e-13
159.69207147555 -11.25029790157 9.456780e-02    4.516318e+07    6.622005e-15
159.69842452334 -11.25505285090 7.479114e-02    4.516318e+07    1.059560e-14
159.63435362498 -11.20713251903 2.751691e-01    4.516318e+07    7.764119e-16
159.65070851296 -11.21935855209 2.238223e-01    4.516318e+07    1.175949e-15
159.60399814263 -11.18442626507 3.708696e-01    4.516318e+07    4.257627e-16
159.69003867535 -11.24877949465 1.008980e-01    4.516318e+07    5.815659e-15
159.64787549445 -11.21724489571 2.326983e-01    4.516318e+07    1.087558e-15
159.62516802221 -11.20025579344 3.040839e-01    4.516318e+07    6.350328e-16
159.61733473592 -11.19439808041 3.287642e-01    4.516318e+07    5.427256e-16
159.68254332627 -11.24317243453 1.242573e-01    4.516318e+07    3.830963e-15
159.63723447671 -11.20928238550 2.661203e-01    4.516318e+07    8.304141e-16
159.72196910667 -11.27266168128 1.699324e-03    4.516318e+07    2.058576e-11
159.64934049176 -11.21833733760 2.281053e-01    4.516318e+07    1.132007e-15
159.68954226562 -11.24840650937 1.024503e-01    4.516318e+07    5.640410e-15
159.72250858699 -11.27306527084 2.797255e-05    4.516318e+07    7.597751e-08
159.63411778856 -11.20695222560 2.759093e-01    4.516318e+07    7.722282e-16
159.71645267230 -11.26853520038 1.879892e-02    4.516318e+07    1.680934e-13
159.72155252243 -11.27235021579 2.989319e-03    4.516318e+07    6.651998e-12
159.71760675827 -11.26939881567 1.521879e-02    4.516318e+07    2.565192e-13
159.63807810244 -11.20991777363 2.634591e-01    4.516318e+07    8.473658e-16
159.71559761285 -11.26789602136 2.144960e-02    4.516318e+07    1.291015e-13
159.71357970261 -11.26638663958 2.771386e-02    4.516318e+07    7.731519e-14
159.71983464942 -11.27106525026 8.315039e-03    4.516318e+07    8.595552e-13
159.65638030190 -11.22360205169 2.060489e-01    4.516318e+07    1.388570e-15
159.66045459813 -11.22665298910 1.932846e-01    4.516318e+07    1.578843e-15
159.69932932456 -11.25572799061 7.197626e-02    4.516318e+07    1.144187e-14
159.71431675446 -11.26693873820 2.542261e-02    4.516318e+07    9.188805e-14
159.60306958978 -11.18373063327 3.738090e-01    4.516318e+07    4.190434e-16
159.71396894123 -11.26667679515 2.650585e-02    4.516318e+07    8.452724e-14
159.72247294184 -11.27303858418 1.387443e-04    4.516318e+07    3.088281e-09
159.70055217001 -11.25664180435 6.818200e-02    4.516318e+07    1.275273e-14
159.71286631014 -11.26585336894 2.992730e-02    4.516318e+07    6.629557e-14
159.71873694126 -11.27024444707 1.171568e-02    4.516318e+07    4.329197e-13
159.69107617060 -11.24955317079 9.767183e-02    4.516318e+07    6.207012e-15
159.70208898400 -11.25779103898 6.340302e-02    4.516318e+07    1.475052e-14
159.70314678427 -11.25858215656 6.011470e-02    4.516318e+07    1.641058e-14
159.68277553685 -11.24334520519 1.235348e-01    4.516318e+07    3.876014e-15
159.70463702994 -11.25969617086 5.548217e-02    4.516318e+07    1.926905e-14
159.65885839380 -11.22545929439 1.982744e-01    4.516318e+07    1.500072e-15
159.71345469974 -11.26629228023 2.809964e-02    4.516318e+07    7.520565e-14
159.68443944067 -11.24458901450 1.183501e-01    4.516318e+07    4.223949e-15
159.71387183633 -11.26660537275 2.680412e-02    4.516318e+07    8.265550e-14
159.64313651832 -11.21369579127 2.475859e-01    4.516318e+07    9.601186e-16
159.68098390867 -11.24200480368 1.291321e-01    4.516318e+07    3.546476e-15
159.61861624670 -11.19536102534 3.247217e-01    4.516318e+07    5.564133e-16
159.71389674228 -11.26662275746 2.672880e-02    4.516318e+07    8.312228e-14
159.61558611247 -11.19308834923 3.342847e-01    4.516318e+07    5.248308e-16
159.71257457327 -11.26563563141 3.082939e-02    4.516318e+07    6.247033e-14
159.72181535807 -11.27254695338 2.175331e-03    4.516318e+07    1.256205e-11
159.69954527063 -11.25588958569 7.131096e-02    4.516318e+07    1.165667e-14
159.65118868266 -11.21971977675 2.223118e-01    4.516318e+07    1.192057e-15
159.61036919586 -11.18918972896 3.507415e-01    4.516318e+07    4.764189e-16
159.69016153349 -11.24886852112 1.005191e-01    4.516318e+07    5.859675e-15
159.62780778636 -11.20223664953 2.957619e-01    4.516318e+07    6.714983e-16
159.65882117571 -11.22542911933 1.983985e-01    4.516318e+07    1.498188e-15
159.66733367943 -11.23179833821 1.717549e-01    4.516318e+07    2.001221e-15
159.66566033166 -11.23054483481 1.769885e-01    4.516318e+07    1.884216e-15
159.71947605997 -11.27079676253 9.426344e-03    4.516318e+07    6.687998e-13
159.62357023599 -11.19906431143 3.091052e-01    4.516318e+07    6.144437e-16
159.60897775252 -11.18814928338 3.551354e-01    4.516318e+07    4.646204e-16
159.71939175709 -11.27073348597 9.687116e-03    4.516318e+07    6.332702e-13
159.72105120724 -11.27197535058 4.543033e-03    4.516318e+07    2.879899e-12
159.70800986602 -11.26222180276 4.499906e-02    4.516318e+07    2.930528e-14
159.70062174318 -11.25669446932 6.796127e-02    4.516318e+07    1.283582e-14
159.60461119501 -11.18488554480 3.689280e-01    4.516318e+07    4.302894e-16
159.72121229860 -11.27209552128 4.044187e-03    4.516318e+07    3.634257e-12
159.72118087781 -11.27207205512 4.142411e-03    4.516318e+07    3.463936e-12
159.67154877822 -11.23494976780 1.585872e-01    4.516318e+07    2.348599e-15
159.62248165394 -11.19824786895 3.125368e-01    4.516318e+07    6.009413e-16
159.67926299079 -11.24071690659 1.344973e-01    4.516318e+07    3.268463e-15
159.71187895548 -11.26511361350 3.298923e-02    4.516318e+07    5.455330e-14
159.67441172359 -11.23708903207 1.496384e-01    4.516318e+07    2.638865e-15
159.65300422873 -11.22107677886 2.166295e-01    4.516318e+07    1.255703e-15
159.70617232386 -11.26084726428 5.070696e-02    4.516318e+07    2.307367e-14
159.71568501086 -11.26796060000 2.118225e-02    4.516318e+07    1.323824e-13
159.60527115705 -11.18537841469 3.668424e-01    4.516318e+07    4.352327e-16
159.71349118134 -11.26632104107 2.798389e-02    4.516318e+07    7.582941e-14
159.61478534000 -11.19249446597 3.368053e-01    4.516318e+07    5.169519e-16
159.71215212969 -11.26531863806 3.214147e-02    4.516318e+07    5.747102e-14
159.69104660644 -11.24953134732 9.776337e-02    4.516318e+07    6.195370e-15
159.69978439247 -11.25606721675 7.056545e-02    4.516318e+07    1.190464e-14
159.65456740136 -11.22224833858 2.117206e-01    4.516318e+07    1.314869e-15
159.65526371034 -11.22277020451 2.095336e-01    4.516318e+07    1.342579e-15
159.66359368855 -11.22899612551 1.834630e-01    4.516318e+07    1.753111e-15
159.71690808614 -11.26887699681 1.738590e-02    4.516318e+07    1.965384e-13
159.69861847253 -11.25519614040 7.419258e-02    4.516318e+07    1.076751e-14
159.67303729727 -11.23606160671 1.539399e-01    4.516318e+07    2.493017e-15
159.65287260933 -11.22098059930 2.170354e-01    4.516318e+07    1.250990e-15
159.61549667277 -11.19302557651 3.345672e-01    4.516318e+07    5.239389e-16
159.72243144676 -11.27300757296 2.667165e-04    4.516318e+07    8.356902e-10
159.65829480753 -11.22503280145 2.000494e-01    4.516318e+07    1.473464e-15
159.66309504693 -11.22862827041 1.850183e-01    4.516318e+07    1.723653e-15
159.71933015679 -11.27068745338 9.879036e-03    4.516318e+07    6.088994e-13
159.71055784562 -11.26412568372 3.709024e-02    4.516318e+07    4.314928e-14
159.71276250336 -11.26577617278 3.024567e-02    4.516318e+07    6.490641e-14
159.71422986688 -11.26687400731 2.569190e-02    4.516318e+07    8.997093e-14
159.69444608596 -11.25207603363 8.717663e-02    4.516318e+07    7.794828e-15
159.68727628816 -11.24671186242 1.095024e-01    4.516318e+07    4.935884e-15
159.65012294288 -11.21892223715 2.256613e-01    4.516318e+07    1.156775e-15
159.66045405756 -11.22664995491 1.932907e-01    4.516318e+07    1.578743e-15
159.72226309224 -11.27288141527 7.885452e-04    4.516318e+07    9.560543e-11
159.69451948609 -11.25213149841 8.694656e-02    4.516318e+07    7.836209e-15
159.70404005827 -11.25925118435 5.733796e-02    4.516318e+07    1.804056e-14
159.67956466203 -11.24094367168 1.335535e-01    4.516318e+07    3.314948e-15
159.72171808503 -11.27247375215 2.476971e-03    4.516318e+07    9.688667e-12
159.69022027724 -11.24891596125 1.003324e-01    4.516318e+07    5.881548e-15
159.72196094783 -11.27265576639 1.724689e-03    4.516318e+07    1.998470e-11
159.66597654486 -11.23078116650 1.760066e-01    4.516318e+07    1.905375e-15
159.69663206895 -11.25370930458 8.037537e-02    4.516318e+07    9.172359e-15
159.67899951887 -11.24052300075 1.353122e-01    4.516318e+07    3.229104e-15
159.72224004553 -11.27286451030 8.596147e-04    4.516318e+07    8.045014e-11
159.65805325032 -11.22485388578 2.008038e-01    4.516318e+07    1.462369e-15
159.59971205050 -11.18122333970 3.844142e-01    4.516318e+07    3.960714e-16
159.68180451657 -11.24262025619 1.265662e-01    4.516318e+07    3.692117e-15
159.71663956027 -11.26867460508 1.822265e-02    4.516318e+07    1.788973e-13
159.61219059968 -11.19055383816 3.449887e-01    4.516318e+07    4.925548e-16
159.71178215599 -11.26504252854 3.328897e-02    4.516318e+07    5.357465e-14
159.63861344097 -11.21031581866 2.617866e-01    4.516318e+07    8.582858e-16
159.68953494678 -11.24840324227 1.024641e-01    4.516318e+07    5.638878e-15
159.63009048156 -11.20394233738 2.885739e-01    4.516318e+07    7.055723e-16
159.66622700583 -11.23096646408 1.752223e-01    4.516318e+07    1.922530e-15
159.70352227851 -11.25886409199 5.894083e-02    4.516318e+07    1.707158e-14
159.61131863932 -11.18989942576 3.477437e-01    4.516318e+07    4.847271e-16
159.65885330190 -11.22545382304 1.983025e-01    4.516318e+07    1.499646e-15
159.62894088478 -11.20308098916 2.922071e-01    4.516318e+07    6.880346e-16
159.72045138890 -11.27152635247 6.402404e-03    4.516318e+07    1.449940e-12
159.67153080353 -11.23493379942 1.586425e-01    4.516318e+07    2.346959e-15
159.68265569481 -11.24325477837 1.239157e-01    4.516318e+07    3.852165e-15
159.69496951904 -11.25246818017 8.554537e-02    4.516318e+07    8.095479e-15
159.71749486009 -11.26931540272 1.556594e-02    4.516318e+07    2.452014e-13
159.64936033777 -11.21835516828 2.280436e-01    4.516318e+07    1.132622e-15
159.61311978555 -11.19124454288 3.420593e-01    4.516318e+07    5.010867e-16
159.67543390538 -11.23785735350 1.464454e-01    4.516318e+07    2.755549e-15
159.65215515799 -11.22044611675 2.192826e-01    4.516318e+07    1.225369e-15
159.69889755494 -11.25540546032 7.331987e-02    4.516318e+07    1.102575e-14
159.69353252968 -11.25139008562 9.002175e-02    4.516318e+07    7.309061e-15
159.61839138591 -11.19518673999 3.254357e-01    4.516318e+07    5.539586e-16
159.62591772911 -11.20081647851 3.017204e-01    4.516318e+07    6.450823e-16
159.71924561428 -11.27062403669 1.013992e-02    4.516318e+07    5.779641e-13
159.69803860895 -11.25476136788 7.599342e-02    4.516318e+07    1.026248e-14
159.62455907604 -11.19980599828 3.059938e-01    4.516318e+07    6.270817e-16
159.71958759787 -11.27088086181 9.079145e-03    4.516318e+07    7.209397e-13
159.72237802434 -11.27296755143 4.326396e-04    4.516318e+07    3.176066e-10
159.71504758827 -11.26748400457 2.315736e-02    4.516318e+07    1.107545e-13
159.71320217816 -11.26610484964 2.888377e-02    4.516318e+07    7.117546e-14
159.67108498168 -11.23460138360 1.600303e-01    4.516318e+07    2.306299e-15
159.71987243120 -11.27109296367 8.197107e-03    4.516318e+07    8.844703e-13
159.68522875507 -11.24518116581 1.158902e-01    4.516318e+07    4.405609e-15
159.71495323142 -11.26741453665 2.344952e-02    4.516318e+07    1.080106e-13
159.67316139389 -11.23615298346 1.535499e-01    4.516318e+07    2.505734e-15
159.63345917876 -11.20646004434 2.779896e-01    4.516318e+07    7.606500e-16
159.63162304252 -11.20508387860 2.837620e-01    4.516318e+07    7.298468e-16
159.61570915730 -11.19318572517 3.338941e-01    4.516318e+07    5.260677e-16
159.69060464466 -11.24920025709 9.913740e-02    4.516318e+07    6.024489e-15
159.69461728818 -11.25220526170 8.663947e-02    4.516318e+07    7.891955e-15
159.69075065143 -11.24931301856 9.868005e-02    4.516318e+07    6.080574e-15
159.69972512966 -11.25602416618 7.075082e-02    4.516318e+07    1.184225e-14
159.61920391425 -11.19579472502 3.228782e-01    4.516318e+07    5.628272e-16
159.64250815463 -11.21322685559 2.495484e-01    4.516318e+07    9.450018e-16
159.71823790791 -11.26987071338 1.326354e-02    4.516318e+07    3.377502e-13
159.67500555892 -11.23753224477 1.477906e-01    4.516318e+07    2.705469e-15
159.72250805789 -11.27306487292 2.959937e-05    4.516318e+07    6.785538e-08
159.72242341693 -11.27300136046 2.921760e-04    4.516318e+07    6.963948e-10
159.61007765949 -11.18897614544 3.516565e-01    4.516318e+07    4.739253e-16
159.68031030292 -11.24150118989 1.312323e-01    4.516318e+07    3.433578e-15
159.70475335446 -11.25978533188 5.511727e-02    4.516318e+07    1.952533e-14
159.67599288170 -11.23827476331 1.446987e-01    4.516318e+07    2.822676e-15
159.71253350416 -11.26560316249 3.096004e-02    4.516318e+07    6.194384e-14
159.65221453795 -11.22048757265 2.190919e-01    4.516318e+07    1.227513e-15
159.67000534643 -11.23379407941 1.634043e-01    4.516318e+07    2.211736e-15
159.64083278690 -11.21197618655 2.548155e-01    4.516318e+07    9.061453e-16
159.70485236323 -11.25986002087 5.481011e-02    4.516318e+07    1.974503e-14
159.71308136268 -11.26601447569 2.925613e-02    4.516318e+07    6.937417e-14
159.64515288146 -11.21520677215 2.412538e-01    4.516318e+07    1.011440e-15
159.70295035538 -11.25843704941 6.072096e-02    4.516318e+07    1.608412e-14
159.61959281599 -11.19609155325 3.216428e-01    4.516318e+07    5.671877e-16
159.72245250408 -11.27302329235 2.019739e-04    4.516318e+07    1.457323e-09
159.67146979016 -11.23488892432 1.588376e-01    4.516318e+07    2.341179e-15
159.63218630171 -11.20551072860 2.819853e-01    4.516318e+07    7.391260e-16
159.71013955485 -11.26381337552 3.839150e-02    4.516318e+07    4.027166e-14
159.70914952021 -11.26307268602 4.146244e-02    4.516318e+07    3.452278e-14
159.70604426920 -11.26075002394 5.110859e-02    4.516318e+07    2.271208e-14
159.72057077096 -11.27161531626 6.033127e-03    4.516318e+07    1.632893e-12
159.71452188057 -11.26709064348 2.479085e-02    4.516318e+07    9.663353e-14
159.72073786749 -11.27174101235 5.514346e-03    4.516318e+07    1.954628e-12
159.70626831377 -11.26091742934 5.040912e-02    4.516318e+07    2.334741e-14
159.71689537544 -11.26886703162 1.742504e-02    4.516318e+07    1.956562e-13
159.70062937384 -11.25669856180 6.793952e-02    4.516318e+07    1.284405e-14
159.60840833292 -11.18772388454 3.569355e-01    4.516318e+07    4.599123e-16
159.69429474105 -11.25196327560 8.764057e-02    4.516318e+07    7.712376e-15
159.67785307218 -11.23966415616 1.388969e-01    4.516318e+07    3.064136e-15
159.62494294171 -11.20009322913 3.047866e-01    4.516318e+07    6.320899e-16
159.71820640706 -11.26984792970 1.336062e-02    4.516318e+07    3.328585e-13
159.64487488797 -11.21499574076 2.421277e-01    4.516318e+07    1.004116e-15
159.71134195210 -11.26471420464 3.465365e-02    4.516318e+07    4.943538e-14
159.59905622017 -11.18072568655 3.864914e-01    4.516318e+07    3.917927e-16
159.66451843608 -11.22969147603 1.805695e-01    4.516318e+07    1.809959e-15
159.71847361308 -11.27004782045 1.253171e-02    4.516318e+07    3.783613e-13
159.69206672122 -11.25029694136 9.458322e-02    4.516318e+07    6.619842e-15
159.62324818413 -11.19881991860 3.101311e-01    4.516318e+07    6.103599e-16
159.68595392261 -11.24572181392 1.136266e-01    4.516318e+07    4.583308e-15
159.68978706693 -11.24858837989 1.016843e-01    4.516318e+07    5.725878e-15
159.72066616352 -11.27168679532 5.737457e-03    4.516318e+07    1.805549e-12
159.65635863933 -11.22358511095 2.061175e-01    4.516318e+07    1.387643e-15
159.65054289751 -11.21923632430 2.243355e-01    4.516318e+07    1.170551e-15
159.70390837598 -11.25915425920 5.774127e-02    4.516318e+07    1.778913e-14
159.71057017194 -11.26413466646 3.705338e-02    4.516318e+07    4.323523e-14
159.61560131856 -11.19310125766 3.342313e-01    4.516318e+07    5.249995e-16
159.69962570451 -11.25594859285 7.106269e-02    4.516318e+07    1.173839e-14
159.70000908504 -11.25623461892 6.986736e-02    4.516318e+07    1.214407e-14
159.67973735393 -11.24107460946 1.330119e-01    4.516318e+07    3.342071e-15
159.70246700489 -11.25807304775 6.222692e-02    4.516318e+07    1.531409e-14
159.72080536509 -11.27179175347 5.304372e-03    4.516318e+07    2.112456e-12
159.63890845097 -11.21053847024 2.608503e-01    4.516318e+07    8.644917e-16
159.60762025216 -11.18713833827 3.594156e-01    4.516318e+07    4.535416e-16
159.66559095021 -11.23049006688 1.772134e-01    4.516318e+07    1.879420e-15
159.70113906238 -11.25708258097 6.635268e-02    4.516318e+07    1.346660e-14
159.61340487497 -11.19146379786 3.411595e-01    4.516318e+07    5.037518e-16
159.61252193989 -11.19079697417 3.439531e-01    4.516318e+07    4.955459e-16
159.71268780319 -11.26572057628 3.047794e-02    4.516318e+07    6.392029e-14
159.71587574719 -11.26810326557 2.059144e-02    4.516318e+07    1.400914e-13
159.72109661566 -11.27200885960 4.402658e-03    4.516318e+07    3.066491e-12
159.63356302183 -11.20654006645 2.776554e-01    4.516318e+07    7.624921e-16
159.69467536031 -11.25224777669 8.646235e-02    4.516318e+07    7.924380e-15
159.70413776697 -11.25932352733 5.703454e-02    4.516318e+07    1.823324e-14
159.71247278341 -11.26555895672 3.114819e-02    4.516318e+07    6.119732e-14
159.63740460356 -11.20941040935 2.655904e-01    4.516318e+07    8.337485e-16
159.71862454914 -11.27016026363 1.206402e-02    4.516318e+07    4.082741e-13
159.72178845155 -11.27252671064 2.259520e-03    4.516318e+07    1.164333e-11
159.71397272753 -11.26668030941 2.649344e-02    4.516318e+07    8.460646e-14
159.67915320715 -11.24063918203 1.348352e-01    4.516318e+07    3.252057e-15
159.72130242315 -11.27216298135 3.764533e-03    4.516318e+07    4.194313e-12
159.69209329070 -11.25031512772 9.450382e-02    4.516318e+07    6.630992e-15
159.69289791935 -11.25091914730 9.199065e-02    4.516318e+07    6.998972e-15
159.62682572612 -11.20149871299 2.988639e-01    4.516318e+07    6.575485e-16
159.70921146846 -11.26311996552 4.126929e-02    4.516318e+07    3.484696e-14
159.65798780235 -11.22480673233 2.010113e-01    4.516318e+07    1.459339e-15
159.64541256196 -11.21539905110 2.404311e-01    4.516318e+07    1.018408e-15
159.60972866252 -11.18871202718 3.527662e-01    4.516318e+07    4.709271e-16
159.59908013679 -11.18074374616 3.864211e-01    4.516318e+07    3.919362e-16
159.72204597554 -11.27271952798 1.461101e-03    4.516318e+07    2.784603e-11
159.70547998325 -11.26032845096 5.286216e-02    4.516318e+07    2.122872e-14
159.68195868969 -11.24273339549 1.260882e-01    4.516318e+07    3.720237e-15
159.66807956690 -11.23235440303 1.694254e-01    4.516318e+07    2.056824e-15
159.71012779728 -11.26380539375 3.842672e-02    4.516318e+07    4.019783e-14
159.61306125687 -11.19120424745 3.422507e-01    4.516318e+07    5.005227e-16
159.68190025966 -11.24269269463 1.262640e-01    4.516318e+07    3.709856e-15
159.72146372289 -11.27228362449 3.265380e-03    4.516318e+07    5.574736e-12
159.65870862427 -11.22534539694 1.987449e-01    4.516318e+07    1.492949e-15
159.71417307592 -11.26683017968 2.587045e-02    4.516318e+07    8.873268e-14
159.70326850970 -11.25867353470 5.973394e-02    4.516318e+07    1.662071e-14
159.72251519213 -11.27307015423 7.444139e-06    4.516318e+07    1.072805e-06
159.59983820789 -11.18131211409 3.840274e-01    4.516318e+07    3.968760e-16
159.63272968931 -11.20591624970 2.802732e-01    4.516318e+07    7.482357e-16
159.71672404773 -11.26873776300 1.795835e-02    4.516318e+07    1.842039e-13
159.72069323642 -11.27170735519 5.654390e-03    4.516318e+07    1.858994e-12
159.69816460084 -11.25485807068 7.559827e-02    4.516318e+07    1.037021e-14
159.71772229625 -11.26948471754 1.486216e-02    4.516318e+07    2.689816e-13
159.66438354909 -11.22958793939 1.809871e-01    4.516318e+07    1.801586e-15
159.65365958454 -11.22157064271 2.145614e-01    4.516318e+07    1.280133e-15
159.65354209498 -11.22147905620 2.149344e-01    4.516318e+07    1.275675e-15
159.71233750399 -11.26545765577 3.156630e-02    4.516318e+07    5.958587e-14
159.71661956369 -11.26865972634 1.828427e-02    4.516318e+07    1.776930e-13
159.64542852668 -11.21540961811 2.403834e-01    4.516318e+07    1.018813e-15
159.68362637344 -11.24398176523 1.208808e-01    4.516318e+07    4.048525e-15
159.64534430122 -11.21534917454 2.406457e-01    4.516318e+07    1.016583e-15
159.67305904951 -11.23607978036 1.538649e-01    4.516318e+07    2.495456e-15
159.71937379596 -11.27072035771 9.741491e-03    4.516318e+07    6.262190e-13
159.70448411774 -11.25958273710 5.595484e-02    4.516318e+07    1.894452e-14
159.71200597092 -11.26520897688 3.259469e-02    4.516318e+07    5.588287e-14
159.60232200833 -11.18317201341 3.761574e-01    4.516318e+07    4.137880e-16
159.70108069478 -11.25703804269 6.653106e-02    4.516318e+07    1.339439e-14
159.62193272343 -11.19783683268 3.142792e-01    4.516318e+07    5.942544e-16
159.68040180735 -11.24157142405 1.309444e-01    4.516318e+07    3.448734e-15
159.70909305792 -11.26303006039 4.163943e-02    4.516318e+07    3.422967e-14
159.72251162501 -11.27306751358 1.855363e-05    4.516318e+07    1.726997e-07
159.62980315245 -11.20372375057 2.894940e-01    4.516318e+07    7.010684e-16
159.66505582489 -11.23009317758 1.788878e-01    4.516318e+07    1.844277e-15
159.69006024386 -11.24879552756 1.008306e-01    4.516318e+07    5.823458e-15
159.70168036517 -11.25748670987 6.467072e-02    4.516318e+07    1.417716e-14
159.71833842055 -11.26994601566 1.295340e-02    4.516318e+07    3.541221e-13
159.70359902411 -11.25892099700 5.870910e-02    4.516318e+07    1.720677e-14
159.67825935165 -11.23996612974 1.376287e-01    4.516318e+07    3.121026e-15
159.60919845942 -11.18831738461 3.544349e-01    4.516318e+07    4.664718e-16
159.72206171831 -11.27273084498 1.412263e-03    4.516318e+07    2.980531e-11
159.59655086261 -11.17885893185 3.944074e-01    4.516318e+07    3.761031e-16
159.71314033204 -11.26605881913 2.907478e-02    4.516318e+07    7.024280e-14
159.68668193958 -11.24626763798 1.113544e-01    4.516318e+07    4.772707e-15
159.71654725126 -11.26860698379 1.850394e-02    4.516318e+07    1.734976e-13
159.71955020491 -11.27085224423 9.195794e-03    4.516318e+07    7.027621e-13
159.63747177904 -11.20946170499 2.653666e-01    4.516318e+07    8.351632e-16
159.68466041235 -11.24475453616 1.176620e-01    4.516318e+07    4.273616e-15
159.66646749825 -11.23115078873 1.744679e-01    4.516318e+07    1.939253e-15
159.71976289605 -11.27101115821 8.537456e-03    4.516318e+07    8.153452e-13
159.69291535885 -11.25092983783 9.193838e-02    4.516318e+07    7.006946e-15
159.71608068020 -11.26825729504 1.995419e-02    4.516318e+07    1.491860e-13
159.65184732917 -11.22021448002 2.202501e-01    4.516318e+07    1.214580e-15
159.68317446035 -11.24364283420 1.222987e-01    4.516318e+07    3.954959e-15
159.72007133749 -11.27124164136 7.581420e-03    4.516318e+07    1.033985e-12
159.71188581755 -11.26512038332 3.296571e-02    4.516318e+07    5.463123e-14
159.71991549141 -11.27112564604 8.064869e-03    4.516318e+07    9.137180e-13
159.71722503042 -11.26911316949 1.640651e-02    4.516318e+07    2.207123e-13
159.59991064122 -11.18136457920 3.837918e-01    4.516318e+07    3.973670e-16
159.62626264728 -11.20107745910 3.006364e-01    4.516318e+07    6.497711e-16
159.61762157162 -11.19461661046 3.278613e-01    4.516318e+07    5.457388e-16
159.70953274226 -11.26336005691 4.027302e-02    4.516318e+07    3.659384e-14
159.67829288194 -11.23999152159 1.375248e-01    4.516318e+07    3.125757e-15
159.72111518318 -11.27202315430 4.346247e-03    4.516318e+07    3.146617e-12
159.61223999873 -11.19058657996 3.448429e-01    4.516318e+07    4.929742e-16
159.72173879503 -11.27248934565 2.413518e-03    4.516318e+07    1.020483e-11
159.69629481609 -11.25345900603 8.141775e-02    4.516318e+07    8.938617e-15
159.70223136772 -11.25789694671 6.295791e-02    4.516318e+07    1.496010e-14
159.66438167156 -11.22958589678 1.809981e-01    4.516318e+07    1.801367e-15
159.68096470153 -11.24199024348 1.291915e-01    4.516318e+07    3.543208e-15
159.63505902373 -11.20765381166 2.729581e-01    4.516318e+07    7.891114e-16
159.61308339558 -11.19121892098 3.421704e-01    4.516318e+07    5.007592e-16
159.72075676057 -11.27175523590 5.456583e-03    4.516318e+07    1.996234e-12
159.72095655834 -11.27190399809 4.837438e-03    4.516318e+07    2.539997e-12
159.66765151314 -11.23203421075 1.707619e-01    4.516318e+07    2.024645e-15
159.68390153137 -11.24418714774 1.200255e-01    4.516318e+07    4.106570e-15
159.62518669365 -11.20026981455 3.040287e-01    4.516318e+07    6.352646e-16
159.68110698377 -11.24209727648 1.287389e-01    4.516318e+07    3.568226e-15
159.69764532996 -11.25446648154 7.722063e-02    4.516318e+07    9.938392e-15
159.64921932450 -11.21824999633 2.284822e-01    4.516318e+07    1.128258e-15
159.65562153704 -11.22303699358 2.084147e-01    4.516318e+07    1.357094e-15
159.59930552908 -11.18091432178 3.856998e-01    4.516318e+07    3.934151e-16
159.64707049470 -11.21663927915 2.352268e-01    4.516318e+07    1.064194e-15
159.66320186335 -11.22870331501 1.846884e-01    4.516318e+07    1.729840e-15
159.70790412631 -11.26214176483 4.533152e-02    4.516318e+07    2.887662e-14
159.71728750191 -11.26916080815 1.620907e-02    4.516318e+07    2.261238e-13
159.72086580579 -11.27183616046 5.119910e-03    4.516318e+07    2.267432e-12
159.65306355757 -11.22112430774 2.164324e-01    4.516318e+07    1.258001e-15
159.69144656515 -11.24983114019 9.651507e-02    4.516318e+07    6.356987e-15
159.71211541862 -11.26529181504 3.225685e-02    4.516318e+07    5.706034e-14
159.72245369887 -11.27302423293 1.980404e-04    4.516318e+07    1.515789e-09
159.64327213793 -11.21380107808 2.471462e-01    4.516318e+07    9.635554e-16
159.67969596633 -11.24104193239 1.331478e-01    4.516318e+07    3.335237e-15
159.67604878080 -11.23831262222 1.445301e-01    4.516318e+07    2.829288e-15
159.69208672421 -11.25030967204 9.451842e-02    4.516318e+07    6.628939e-15
159.70444553950 -11.25955482274 5.607679e-02    4.516318e+07    1.886212e-14
159.66771098727 -11.23207823130 1.705865e-01    4.516318e+07    2.028825e-15
159.65958042387 -11.22599678343 1.960156e-01    4.516318e+07    1.534985e-15
159.72112221843 -11.27202796297 4.324333e-03    4.516318e+07    3.178592e-12
159.70036418604 -11.25650164424 6.876425e-02    4.516318e+07    1.253738e-14
159.71947002388 -11.27079285502 9.442890e-03    4.516318e+07    6.664577e-13
159.69464079197 -11.25222087840 8.656901e-02    4.516318e+07    7.904831e-15
159.71903414875 -11.27046697155 1.079505e-02    4.516318e+07    5.099282e-13
159.69027944320 -11.24895694601 1.001495e-01    4.516318e+07    5.903098e-15
159.72047761858 -11.27154653765 6.321446e-03    4.516318e+07    1.487321e-12
159.62214543435 -11.19799950791 3.136026e-01    4.516318e+07    5.968379e-16
159.72219941009 -11.27283385495 9.866519e-04    4.516318e+07    6.106668e-11
