161.54812504889 -12.10335068302 1.000000e-01    4.594452e+11    3.014328e-11
161.54812504889 -12.10335068302 1.000000e-01    4.594452e+11    3.014328e-11
161.54812504889 -12.10335068302 1.000000e-01    4.594452e+11    3.014328e-11
161.54812504889 -12.10335068302 1.000000e-01    4.594452e+11    3.014328e-11
161.54812504889 -12.10335068302 1.000000e-01    4.594452e+11    3.014328e-11
161.54812504889 -12.10335068302 1.000000e-01    4.594452e+11    3.014328e-11
161.54812504889 -12.10335068302 1.000000e-01    4.594452e+11    3.014328e-11
161.54812504889 -12.10335068302 1.000000e-01    4.594452e+11    3.014328e-11
161.54812504889 -12.10335068302 1.000000e-01    4.594452e+11    3.014328e-11
161.54812504889 -12.10335068302 1.000000e-01    4.594452e+11    3.014328e-11
161.54456220099 -12.10153876360 1.000000e-01    4.416967e+11    2.846845e-11
161.54456242596 -12.10153846641 1.000000e-01    4.416967e+11    2.846845e-11
161.54456482814 -12.10153965603 1.000000e-01    4.416967e+11    2.846845e-11
161.54456146735 -12.10154047646 1.000000e-01    4.416967e+11    2.846845e-11
161.54456293120 -12.10153908364 1.000000e-01    4.416967e+11    2.846845e-11
161.54456194607 -12.10154100065 1.000000e-01    4.416967e+11    2.846845e-11
161.54456240868 -12.10154198201 1.000000e-01    4.416967e+11    2.846845e-11
161.54456479052 -12.10153958803 1.000000e-01    4.416967e+11    2.846845e-11
161.54456501117 -12.10153914773 1.000000e-01    4.416967e+11    2.846845e-11
161.54456388089 -12.10153921420 1.000000e-01    4.416967e+11    2.846845e-11
161.54391931722 -12.10123077788 1.000000e-01    4.402833e+11    2.833570e-11
161.54392124894 -12.10122878793 1.000000e-01    4.402833e+11    2.833570e-11
161.54391966336 -12.10122802934 1.000000e-01    4.402833e+11    2.833570e-11
161.54392016783 -12.10122794137 1.000000e-01    4.402833e+11    2.833571e-11
161.54391832028 -12.10122792676 1.000000e-01    4.402833e+11    2.833570e-11
161.54391759192 -12.10123086861 1.000000e-01    4.402833e+11    2.833571e-11
161.54392121565 -12.10122886304 1.000000e-01    4.402833e+11    2.833570e-11
161.54391937596 -12.10123123699 1.000000e-01    4.402833e+11    2.833571e-11
161.54391866399 -12.10122957742 1.000000e-01    4.402833e+11    2.833570e-11
161.54391818885 -12.10123129871 1.000000e-01    4.402833e+11    2.833570e-11
161.54321759161 -12.10089632302 1.000000e-01    4.388797e+11    2.820397e-11
161.54321590604 -12.10089431902 1.000000e-01    4.388797e+11    2.820397e-11
161.54321728210 -12.10089268538 1.000000e-01    4.388797e+11    2.820397e-11
161.54321865167 -12.10089288101 1.000000e-01    4.388797e+11    2.820397e-11
161.54321810535 -12.10089294823 1.000000e-01    4.388797e+11    2.820397e-11
161.54321495588 -12.10089495406 1.000000e-01    4.388797e+11    2.820397e-11
161.54321720930 -12.10089632596 1.000000e-01    4.388797e+11    2.820397e-11
161.54321630838 -12.10089623836 1.000000e-01    4.388797e+11    2.820397e-11
161.54321581387 -12.10089655211 1.000000e-01    4.388797e+11    2.820397e-11
161.54321794175 -12.10089595404 1.000000e-01    4.388797e+11    2.820397e-11
161.54245837041 -12.10053823436 1.000000e-01    4.374859e+11    2.807325e-11
161.54245833712 -12.10053830946 1.000000e-01    4.374859e+11    2.807325e-11
161.54245733200 -12.10053402604 1.000000e-01    4.374859e+11    2.807324e-11
161.54245872155 -12.10053614389 1.000000e-01    4.374859e+11    2.807324e-11
161.54245849003 -12.10053418251 1.000000e-01    4.374859e+11    2.807325e-11
161.54245884533 -12.10053504246 1.000000e-01    4.374859e+11    2.807325e-11
161.54245529654 -12.10053794947 1.000000e-01    4.374859e+11    2.807325e-11
161.54245645019 -12.10053368481 1.000000e-01    4.374859e+11    2.807325e-11
161.54245821793 -12.10053712735 1.000000e-01    4.374859e+11    2.807324e-11
161.54245817745 -12.10053442914 1.000000e-01    4.374859e+11    2.807325e-11
161.54163905596 -12.10015223821 1.000000e-01    4.361018e+11    2.794352e-11
161.54163547692 -12.10015433371 1.000000e-01    4.361018e+11    2.794352e-11
161.54163703236 -12.10015256370 1.000000e-01    4.361018e+11    2.794352e-11
161.54163911071 -12.10015568580 1.000000e-01    4.361018e+11    2.794352e-11
161.54163761725 -12.10015103333 1.000000e-01    4.361018e+11    2.794352e-11
161.54163856007 -12.10015133203 1.000000e-01    4.361018e+11    2.794352e-11
161.54163882466 -12.10015174757 1.000000e-01    4.361018e+11    2.794352e-11
161.54163909190 -12.10015370317 1.000000e-01    4.361018e+11    2.794352e-11
161.54163986444 -12.10015327839 1.000000e-01    4.361018e+11    2.794352e-11
161.54163697737 -12.10015601086 1.000000e-01    4.361018e+11    2.794352e-11
161.54075982853 -12.09974620789 1.000000e-01    4.347273e+11    2.781479e-11
161.54075541363 -12.09974908181 1.000000e-01    4.347273e+11    2.781479e-11
161.54075872775 -12.09974510023 1.000000e-01    4.347273e+11    2.781479e-11
161.54075838764 -12.09974716548 1.000000e-01    4.347273e+11    2.781479e-11
161.54075958319 -12.09974719965 1.000000e-01    4.347273e+11    2.781479e-11
161.54075959067 -12.09974773661 1.000000e-01    4.347273e+11    2.781479e-11
161.54075880320 -12.09974708745 1.000000e-01    4.347273e+11    2.781479e-11
161.54075482395 -12.09974733745 1.000000e-01    4.347273e+11    2.781479e-11
161.54075651125 -12.09974589845 1.000000e-01    4.347273e+11    2.781479e-11
161.54075932467 -12.09974980805 1.000000e-01    4.347273e+11    2.781479e-11
161.53981713760 -12.09931840770 1.000000e-01    4.333624e+11    2.768705e-11
161.53981911338 -12.09931816904 1.000000e-01    4.333624e+11    2.768705e-11
161.53981492948 -12.09931821171 1.000000e-01    4.333624e+11    2.768705e-11
161.53981801509 -12.09932064722 1.000000e-01    4.333624e+11    2.768705e-11
161.53981745642 -12.09931894880 1.000000e-01    4.333624e+11    2.768705e-11
161.53981788820 -12.09931764799 1.000000e-01    4.333624e+11    2.768705e-11
161.53981658893 -12.09931878612 1.000000e-01    4.333624e+11    2.768705e-11
161.53981837047 -12.09931703926 1.000000e-01    4.333624e+11    2.768705e-11
161.53981566017 -12.09931719536 1.000000e-01    4.333624e+11    2.768705e-11
161.53981391473 -12.09931779034 1.000000e-01    4.333624e+11    2.768705e-11
161.53881447784 -12.09886256920 1.000000e-01    4.320071e+11    2.756029e-11
161.53881424968 -12.09886451829 1.000000e-01    4.320071e+11    2.756028e-11
161.53881354413 -12.09886811442 1.000000e-01    4.320071e+11    2.756028e-11
161.53881095598 -12.09886390803 1.000000e-01    4.320071e+11    2.756029e-11
161.53881097018 -12.09886427681 1.000000e-01    4.320071e+11    2.756029e-11
161.53881296272 -12.09886761214 1.000000e-01    4.320071e+11    2.756028e-11
161.53881349044 -12.09886703308 1.000000e-01    4.320071e+11    2.756028e-11
161.53881452193 -12.09886304438 1.000000e-01    4.320071e+11    2.756028e-11
161.53881686716 -12.09886365383 1.000000e-01    4.320071e+11    2.756028e-11
161.53881465874 -12.09886812023 1.000000e-01    4.320071e+11    2.756029e-11
161.53775090843 -12.09838979436 1.000000e-01    4.306612e+11    2.743449e-11
161.53774832914 -12.09838957617 1.000000e-01    4.306612e+11    2.743450e-11
161.53774963517 -12.09838603861 1.000000e-01    4.306612e+11    2.743450e-11
161.53774691146 -12.09839080810 1.000000e-01    4.306612e+11    2.743450e-11
161.53774618241 -12.09839100297 1.000000e-01    4.306612e+11    2.743449e-11
161.53775096608 -12.09838769727 1.000000e-01    4.306612e+11    2.743449e-11
161.53774680269 -12.09839132251 1.000000e-01    4.306612e+11    2.743449e-11
161.53774977480 -12.09839208334 1.000000e-01    4.306612e+11    2.743450e-11
161.53774848824 -12.09838662270 1.000000e-01    4.306612e+11    2.743449e-11
161.53774574817 -12.09838890839 1.000000e-01    4.306612e+11    2.743449e-11
161.54803210384 -12.10329969697 1.000000e-01    4.563839e+11    2.985338e-11
161.54803205514 -12.10329965401 1.000000e-01    4.563839e+11    2.985338e-11
161.54803225133 -12.10329976546 1.000000e-01    4.563839e+11    2.985338e-11
161.54803221483 -12.10329944657 1.000000e-01    4.563839e+11    2.985338e-11
161.54803227783 -12.10329985850 1.000000e-01    4.563839e+11    2.985338e-11
161.54803271570 -12.10329973034 1.000000e-01    4.563839e+11    2.985338e-11
161.54803224812 -12.10329937145 1.000000e-01    4.563839e+11    2.985338e-11
161.54803223702 -12.10329939649 1.000000e-01    4.563839e+11    2.985338e-11
161.54803225564 -12.10329990858 1.000000e-01    4.563839e+11    2.985338e-11
161.54803214824 -12.10329959681 1.000000e-01    4.563839e+11    2.985338e-11
161.53662307556 -12.09789020726 1.000000e-01    4.293247e+11    2.730967e-11
161.53662019717 -12.09789213528 1.000000e-01    4.293247e+11    2.730967e-11
161.53661948783 -12.09789278148 1.000000e-01    4.293247e+11    2.730967e-11
161.53662196928 -12.09788735650 1.000000e-01    4.293247e+11    2.730967e-11
161.53662041904 -12.09788754790 1.000000e-01    4.293247e+11    2.730967e-11
161.53661860744 -12.09788625192 1.000000e-01    4.293247e+11    2.730967e-11
161.53661774354 -12.09788795351 1.000000e-01    4.293247e+11    2.730967e-11
161.53662071561 -12.09788813899 1.000000e-01    4.293247e+11    2.730967e-11
161.53661851190 -12.09789255790 1.000000e-01    4.293247e+11    2.730967e-11
161.53662016633 -12.09788596154 1.000000e-01    4.293247e+11    2.730967e-11
161.53542472584 -12.09736581544 1.000000e-01    4.279976e+11    2.718580e-11
161.53542505309 -12.09736625741 1.000000e-01    4.279976e+11    2.718581e-11
161.53542870809 -12.09736998532 1.000000e-01    4.279976e+11    2.718581e-11
161.53542852484 -12.09736474616 1.000000e-01    4.279976e+11    2.718581e-11
161.53542391402 -12.09736495230 1.000000e-01    4.279976e+11    2.718581e-11
161.53542643513 -12.09736356116 1.000000e-01    4.279976e+11    2.718581e-11
161.53542421598 -12.09736562591 1.000000e-01    4.279976e+11    2.718581e-11
161.53542821851 -12.09736392946 1.000000e-01    4.279976e+11    2.718581e-11
161.53542836249 -12.09737011677 1.000000e-01    4.279976e+11    2.718581e-11
161.53542875142 -12.09736994573 1.000000e-01    4.279976e+11    2.718581e-11
161.53417102536 -12.09681946626 1.000000e-01    4.266798e+11    2.706289e-11
161.53416918884 -12.09682191322 1.000000e-01    4.266798e+11    2.706289e-11
161.53417164920 -12.09682331038 1.000000e-01    4.266798e+11    2.706289e-11
161.53416604529 -12.09681863416 1.000000e-01    4.266798e+11    2.706290e-11
161.53417087708 -12.09682354486 1.000000e-01    4.266798e+11    2.706289e-11
161.53416536970 -12.09682418670 1.000000e-01    4.266798e+11    2.706290e-11
161.53417060789 -12.09681966534 1.000000e-01    4.266798e+11    2.706289e-11
161.53416692184 -12.09682163850 1.000000e-01    4.266798e+11    2.706290e-11
161.53417135150 -12.09682054405 1.000000e-01    4.266798e+11    2.706289e-11
161.53417162934 -12.09682304925 1.000000e-01    4.266798e+11    2.706289e-11
161.53284443868 -12.09625095651 1.000000e-01    4.253712e+11    2.694093e-11
161.53284224380 -12.09625176481 1.000000e-01    4.253712e+11    2.694093e-11
161.53284699539 -12.09625141504 1.000000e-01    4.253712e+11    2.694093e-11
161.53284143652 -12.09625328051 1.000000e-01    4.253712e+11    2.694093e-11
161.53284764992 -12.09625325932 1.000000e-01    4.253712e+11    2.694093e-11
161.53284556325 -12.09625431863 1.000000e-01    4.253712e+11    2.694093e-11
161.53284718133 -12.09625315126 1.000000e-01    4.253712e+11    2.694093e-11
161.53284161463 -12.09625083955 1.000000e-01    4.253712e+11    2.694093e-11
161.53284536101 -12.09625009907 1.000000e-01    4.253712e+11    2.694093e-11
161.53284670227 -12.09625211271 1.000000e-01    4.253712e+11    2.694093e-11
161.53145636795 -12.09566132155 1.000000e-01    4.240719e+11    2.681990e-11
161.53145446418 -12.09565931764 1.000000e-01    4.240719e+11    2.681990e-11
161.53145608128 -12.09566261647 1.000000e-01    4.240719e+11    2.681990e-11
161.53145432241 -12.09566673845 1.000000e-01    4.240719e+11    2.681990e-11
161.53145670793 -12.09566353330 1.000000e-01    4.240719e+11    2.681990e-11
161.53145026056 -12.09566433055 1.000000e-01    4.240719e+11    2.681990e-11
161.53145057899 -12.09565989054 1.000000e-01    4.240719e+11    2.681990e-11
161.53144942078 -12.09566222054 1.000000e-01    4.240719e+11    2.681990e-11
161.53145200410 -12.09565900560 1.000000e-01    4.240719e+11    2.681990e-11
161.53145401503 -12.09565966073 1.000000e-01    4.240719e+11    2.681990e-11
161.52999365375 -12.09505187035 1.000000e-01    4.227817e+11    2.669980e-11
161.52999656256 -12.09505126396 1.000000e-01    4.227817e+11    2.669980e-11
161.52999114997 -12.09505102243 1.000000e-01    4.227817e+11    2.669981e-11
161.52999125335 -12.09504691503 1.000000e-01    4.227817e+11    2.669981e-11
161.52999308899 -12.09504765934 1.000000e-01    4.227817e+11    2.669981e-11
161.52999625791 -12.09505141113 1.000000e-01    4.227817e+11    2.669981e-11
161.52998985469 -12.09504865833 1.000000e-01    4.227817e+11    2.669981e-11
161.52999501924 -12.09505352256 1.000000e-01    4.227817e+11    2.669980e-11
161.52999774574 -12.09504761743 1.000000e-01    4.227817e+11    2.669981e-11
161.52999335138 -12.09505170636 1.000000e-01    4.227817e+11    2.669981e-11
161.52847051904 -12.09441550965 1.000000e-01    4.215005e+11    2.658063e-11
161.52847013432 -12.09441448292 1.000000e-01    4.215005e+11    2.658064e-11
161.52846310682 -12.09441611870 1.000000e-01    4.215005e+11    2.658064e-11
161.52846265369 -12.09441280842 1.000000e-01    4.215005e+11    2.658063e-11
161.52846415415 -12.09441703998 1.000000e-01    4.215005e+11    2.658063e-11
161.52846631645 -12.09440973521 1.000000e-01    4.215005e+11    2.658064e-11
161.52846697509 -12.09441746796 1.000000e-01    4.215005e+11    2.658064e-11
161.52846645975 -12.09440947051 1.000000e-01    4.215005e+11    2.658064e-11
161.52846263296 -12.09441426802 1.000000e-01    4.215005e+11    2.658063e-11
161.52846278675 -12.09441250816 1.000000e-01    4.215005e+11    2.658063e-11
161.52686736415 -12.09375346511 1.000000e-01    4.202284e+11    2.646239e-11
161.52686995485 -12.09375557742 1.000000e-01    4.202284e+11    2.646239e-11
161.52687384382 -12.09375335847 1.000000e-01    4.202284e+11    2.646238e-11
161.52687172259 -12.09376048842 1.000000e-01    4.202284e+11    2.646239e-11
161.52686890868 -12.09375414700 1.000000e-01    4.202284e+11    2.646238e-11
161.52686962890 -12.09375615995 1.000000e-01    4.202284e+11    2.646239e-11
161.52687260878 -12.09376020740 1.000000e-01    4.202284e+11    2.646239e-11
161.52687362425 -12.09375929315 1.000000e-01    4.202284e+11    2.646238e-11
161.52686941718 -12.09375401194 1.000000e-01    4.202284e+11    2.646238e-11
161.52686647417 -12.09375507316 1.000000e-01    4.202284e+11    2.646239e-11
161.52520422630 -12.09307822805 1.000000e-01    4.189653e+11    2.634505e-11
161.52520787600 -12.09307211086 1.000000e-01    4.189653e+11    2.634505e-11
161.52520133517 -12.09307308602 1.000000e-01    4.189653e+11    2.634505e-11
161.52520191683 -12.09307263278 1.000000e-01    4.189653e+11    2.634505e-11
161.52520630318 -12.09307375315 1.000000e-01    4.189653e+11    2.634505e-11
161.52520805696 -12.09307944849 1.000000e-01    4.189653e+11    2.634505e-11
161.52520064712 -12.09307406177 1.000000e-01    4.189653e+11    2.634505e-11
161.52520916197 -12.09307329380 1.000000e-01    4.189653e+11    2.634505e-11
161.52520339484 -12.09308023375 1.000000e-01    4.189653e+11    2.634505e-11
161.52520436307 -12.09307570626 1.000000e-01    4.189653e+11    2.634505e-11
161.52346886076 -12.09236844251 1.000000e-01    4.177110e+11    2.622862e-11
161.52346602046 -12.09237375677 1.000000e-01    4.177110e+11    2.622862e-11
161.52346678557 -12.09236858172 1.000000e-01    4.177110e+11    2.622862e-11
161.52346512402 -12.09237706332 1.000000e-01    4.177110e+11    2.622862e-11
161.52346882014 -12.09236874627 1.000000e-01    4.177110e+11    2.622862e-11
161.52346959531 -12.09236884469 1.000000e-01    4.177110e+11    2.622862e-11
161.52347177749 -12.09237399635 1.000000e-01    4.177110e+11    2.622862e-11
161.52346774616 -12.09237666724 1.000000e-01    4.177110e+11    2.622861e-11
161.52347188323 -12.09237595966 1.000000e-01    4.177110e+11    2.622861e-11
161.52346900614 -12.09237297543 1.000000e-01    4.177110e+11    2.622862e-11
161.54791469417 -12.10323589243 1.000000e-01    4.548690e+11    2.971007e-11
161.54791462686 -12.10323533738 1.000000e-01    4.548690e+11    2.971007e-11
161.54791493833 -12.10323534154 1.000000e-01    4.548690e+11    2.971007e-11
161.54791536582 -12.10323594372 1.000000e-01    4.548690e+11    2.971007e-11
161.54791533253 -12.10323601884 1.000000e-01    4.548690e+11    2.971007e-11
161.54791495263 -12.10323571051 1.000000e-01    4.548690e+11    2.971007e-11
161.54791498593 -12.10323563539 1.000000e-01    4.548690e+11    2.971008e-11
161.54791498272 -12.10323524138 1.000000e-01    4.548690e+11    2.971007e-11
161.54791515671 -12.10323540290 1.000000e-01    4.548690e+11    2.971007e-11
161.54791474104 -12.10323548098 1.000000e-01    4.548690e+11    2.971008e-11
161.52166516851 -12.09165122118 1.000000e-01    4.164657e+11    2.611309e-11
161.52166536951 -12.09164975515 1.000000e-01    4.164657e+11    2.611309e-11
161.52166474680 -12.09164648807 1.000000e-01    4.164657e+11    2.611308e-11
161.52166488030 -12.09165187160 1.000000e-01    4.164657e+11    2.611309e-11
161.52166109823 -12.09165420357 1.000000e-01    4.164657e+11    2.611308e-11
161.52165928516 -12.09164772580 1.000000e-01    4.164657e+11    2.611308e-11
161.52165873234 -12.09164477062 1.000000e-01    4.164657e+11    2.611308e-11
161.52165647692 -12.09164657626 1.000000e-01    4.164657e+11    2.611308e-11
161.52165813404 -12.09164950939 1.000000e-01    4.164657e+11    2.611309e-11
161.52166188395 -12.09164450853 1.000000e-01    4.164657e+11    2.611309e-11
161.51977619127 -12.09090010912 1.000000e-01    4.152291e+11    2.599845e-11
161.51978536791 -12.09090306988 1.000000e-01    4.152291e+11    2.599845e-11
161.51978256384 -12.09089880490 1.000000e-01    4.152291e+11    2.599845e-11
161.51977919324 -12.09090321151 1.000000e-01    4.152291e+11    2.599844e-11
161.51977911398 -12.09089802212 1.000000e-01    4.152291e+11    2.599845e-11
161.51978235133 -12.09090693420 1.000000e-01    4.152291e+11    2.599845e-11
161.51978282283 -12.09089996378 1.000000e-01    4.152291e+11    2.599844e-11
161.51977992101 -12.09090231959 1.000000e-01    4.152291e+11    2.599845e-11
161.51978523211 -12.09090131699 1.000000e-01    4.152291e+11    2.599845e-11
161.51977931639 -12.09089796534 1.000000e-01    4.152291e+11    2.599845e-11
161.51782851014 -12.09014081481 1.000000e-01    4.140014e+11    2.588470e-11
161.51782182635 -12.09013732603 1.000000e-01    4.140014e+11    2.588470e-11
161.51782995246 -12.09013481968 1.000000e-01    4.140014e+11    2.588469e-11
161.51782460207 -12.09013281460 1.000000e-01    4.140014e+11    2.588470e-11
161.51783039060 -12.09013297159 1.000000e-01    4.140014e+11    2.588469e-11
161.51782853486 -12.09013962778 1.000000e-01    4.140014e+11    2.588470e-11
161.51782227345 -12.09013818871 1.000000e-01    4.140014e+11    2.588470e-11
161.51783161174 -12.09013572104 1.000000e-01    4.140014e+11    2.588470e-11
161.51782837427 -12.09013171964 1.000000e-01    4.140014e+11    2.588469e-11
161.51782650118 -12.09013594684 1.000000e-01    4.140014e+11    2.588469e-11
161.51579864087 -12.08934637456 1.000000e-01    4.127823e+11    2.577183e-11
161.51579582798 -12.08934666558 1.000000e-01    4.127823e+11    2.577182e-11
161.51580056820 -12.08934214399 1.000000e-01    4.127823e+11    2.577183e-11
161.51579779367 -12.08935061764 1.000000e-01    4.127823e+11    2.577183e-11
161.51579831727 -12.08934166018 1.000000e-01    4.127823e+11    2.577182e-11
161.51580169227 -12.08935029251 1.000000e-01    4.127823e+11    2.577183e-11
161.51579705647 -12.08934171514 1.000000e-01    4.127823e+11    2.577183e-11
161.51580039789 -12.08934792215 1.000000e-01    4.127823e+11    2.577182e-11
161.51580201644 -12.08935155168 1.000000e-01    4.127823e+11    2.577182e-11
161.51580005664 -12.08934672708 1.000000e-01    4.127823e+11    2.577182e-11
161.51369748371 -12.08853021270 1.000000e-01    4.115719e+11    2.565983e-11
161.51369631123 -12.08853906812 1.000000e-01    4.115719e+11    2.565983e-11
161.51370081803 -12.08853097347 1.000000e-01    4.115719e+11    2.565983e-11
161.51369782722 -12.08853352846 1.000000e-01    4.115719e+11    2.565983e-11
161.51370097041 -12.08853265435 1.000000e-01    4.115719e+11    2.565983e-11
161.51369992132 -12.08853696887 1.000000e-01    4.115719e+11    2.565983e-11
161.51370119022 -12.08854057919 1.000000e-01    4.115719e+11    2.565983e-11
161.51369890573 -12.08853946606 1.000000e-01    4.115719e+11    2.565983e-11
161.51370477605 -12.08853474996 1.000000e-01    4.115719e+11    2.565983e-11
161.51369601817 -12.08853963606 1.000000e-01    4.115719e+11    2.565983e-11
161.51152790121 -12.08770337400 1.000000e-01    4.103701e+11    2.554870e-11
161.51152330864 -12.08770234237 1.000000e-01    4.103701e+11    2.554870e-11
161.51151841654 -12.08769957640 1.000000e-01    4.103701e+11    2.554870e-11
161.51152142814 -12.08769799451 1.000000e-01    4.103701e+11    2.554870e-11
161.51152400083 -12.08770732098 1.000000e-01    4.103701e+11    2.554870e-11
161.51152823276 -12.08770032101 1.000000e-01    4.103701e+11    2.554870e-11
161.51151742587 -12.08770165908 1.000000e-01    4.103701e+11    2.554870e-11
161.51151820240 -12.08770546139 1.000000e-01    4.103701e+11    2.554870e-11
161.51152687343 -12.08770206314 1.000000e-01    4.103701e+11    2.554870e-11
161.51152095212 -12.08769818323 1.000000e-01    4.103701e+11    2.554870e-11
161.50926642859 -12.08685351869 1.000000e-01    4.091769e+11    2.543844e-11
161.50927653027 -12.08685149285 1.000000e-01    4.091769e+11    2.543843e-11
161.50926965200 -12.08684553755 1.000000e-01    4.091769e+11    2.543844e-11
161.50927665565 -12.08685231543 1.000000e-01    4.091769e+11    2.543843e-11
161.50927650097 -12.08684769585 1.000000e-01    4.091769e+11    2.543844e-11
161.50927017438 -12.08684824854 1.000000e-01    4.091769e+11    2.543843e-11
161.50927045300 -12.08685542492 1.000000e-01    4.091769e+11    2.543844e-11
161.50927138140 -12.08685612028 1.000000e-01    4.091769e+11    2.543843e-11
161.50927255408 -12.08685134935 1.000000e-01    4.091769e+11    2.543843e-11
161.50926956070 -12.08685510136 1.000000e-01    4.091769e+11    2.543843e-11
161.50694645045 -12.08597314650 1.000000e-01    4.079921e+11    2.532902e-11
161.50694294694 -12.08597414795 1.000000e-01    4.079921e+11    2.532902e-11
161.50694480213 -12.08598052231 1.000000e-01    4.079921e+11    2.532902e-11
161.50694759581 -12.08597148627 1.000000e-01    4.079921e+11    2.532902e-11
161.50693986855 -12.08597759914 1.000000e-01    4.079921e+11    2.532902e-11
161.50694099005 -12.08597954972 1.000000e-01    4.079921e+11    2.532902e-11
161.50694639519 -12.08597078683 1.000000e-01    4.079921e+11    2.532902e-11
161.50694257746 -12.08597944192 1.000000e-01    4.079921e+11    2.532903e-11
161.50693636944 -12.08597703112 1.000000e-01    4.079921e+11    2.532902e-11
161.50693664785 -12.08597781460 1.000000e-01    4.079921e+11    2.532902e-11
161.50453344561 -12.08508487218 1.000000e-01    4.068158e+11    2.522047e-11
161.50453463239 -12.08508112085 1.000000e-01    4.068158e+11    2.522047e-11
161.50454069289 -12.08508441071 1.000000e-01    4.068158e+11    2.522046e-11
161.50453793187 -12.08508622145 1.000000e-01    4.068158e+11    2.522046e-11
161.50453036246 -12.08508025836 1.000000e-01    4.068158e+11    2.522046e-11
161.50453731269 -12.08507365475 1.000000e-01    4.068158e+11    2.522046e-11
161.50453734709 -12.08508403976 1.000000e-01    4.068158e+11    2.522046e-11
161.50453667622 -12.08507417184 1.000000e-01    4.068158e+11    2.522047e-11
161.50453976868 -12.08508486660 1.000000e-01    4.068158e+11    2.522046e-11
161.50453415738 -12.08507899314 1.000000e-01    4.068158e+11    2.522046e-11
161.50204629320 -12.08416342163 1.000000e-01    4.056480e+11    2.511275e-11
161.50205525956 -12.08415941753 1.000000e-01    4.056480e+11    2.511275e-11
161.50205712374 -12.08415886002 1.000000e-01    4.056480e+11    2.511275e-11
161.50205912266 -12.08416425803 1.000000e-01    4.056480e+11    2.511274e-11
161.50205366067 -12.08416109440 1.000000e-01    4.056480e+11    2.511275e-11
161.50205871171 -12.08416613742 1.000000e-01    4.056480e+11    2.511274e-11
161.50205442439 -12.08416464225 1.000000e-01    4.056480e+11    2.511274e-11
161.50204716492 -12.08416679410 1.000000e-01    4.056480e+11    2.511275e-11
161.50205020714 -12.08416947023 1.000000e-01    4.056480e+11    2.511275e-11
161.50205617385 -12.08416643286 1.000000e-01    4.056480e+11    2.511274e-11
161.54774861835 -12.10314641225 1.000000e-01    4.533645e+11    2.956786e-11
161.54774917974 -12.10314741922 1.000000e-01    4.533645e+11    2.956786e-11
161.54774851168 -12.10314680577 1.000000e-01    4.533645e+11    2.956786e-11
161.54774924313 -12.10314687498 1.000000e-01    4.533645e+11    2.956786e-11
161.54774887434 -12.10314654161 1.000000e-01    4.533645e+11    2.956786e-11
161.54774871576 -12.10314649817 1.000000e-01    4.533645e+11    2.956786e-11
161.54774937089 -12.10314668226 1.000000e-01    4.533645e+11    2.956786e-11
161.54774951948 -12.10314649986 1.000000e-01    4.533645e+11    2.956786e-11
161.54774956891 -12.10314724811 1.000000e-01    4.533645e+11    2.956786e-11
161.54774970567 -12.10314638546 1.000000e-01    4.533645e+11    2.956786e-11
161.49949010996 -12.08322476751 1.000000e-01    4.044884e+11    2.500586e-11
161.49949211031 -12.08323020008 1.000000e-01    4.044884e+11    2.500587e-11
161.49949526710 -12.08323064987 1.000000e-01    4.044884e+11    2.500586e-11
161.49949036998 -12.08322503968 1.000000e-01    4.044884e+11    2.500586e-11
161.49948891800 -12.08322009680 1.000000e-01    4.044884e+11    2.500587e-11
161.49949174875 -12.08323300897 1.000000e-01    4.044884e+11    2.500587e-11
161.49949167759 -12.08322279397 1.000000e-01    4.044884e+11    2.500586e-11
161.49949710343 -12.08322438769 1.000000e-01    4.044884e+11    2.500586e-11
161.49948649965 -12.08322356256 1.000000e-01    4.044884e+11    2.500587e-11
161.49948593101 -12.08322149934 1.000000e-01    4.044884e+11    2.500587e-11
161.49684213291 -12.08226554755 1.000000e-01    4.033372e+11    2.489982e-11
161.49684179778 -12.08226986412 1.000000e-01    4.033372e+11    2.489982e-11
161.49684847505 -12.08226301501 1.000000e-01    4.033372e+11    2.489982e-11
161.49684199904 -12.08226910320 1.000000e-01    4.033372e+11    2.489982e-11
161.49684203951 -12.08226974689 1.000000e-01    4.033372e+11    2.489982e-11
161.49684914961 -12.08226480676 1.000000e-01    4.033372e+11    2.489982e-11
161.49685294017 -12.08226842821 1.000000e-01    4.033372e+11    2.489981e-11
161.49685488200 -12.08226987570 1.000000e-01    4.033372e+11    2.489982e-11
161.49684571202 -12.08227235187 1.000000e-01    4.033372e+11    2.489982e-11
161.49685387810 -12.08227158930 1.000000e-01    4.033372e+11    2.489981e-11
161.49412834532 -12.08129699252 1.000000e-01    4.021943e+11    2.479459e-11
161.49412838488 -12.08129220790 1.000000e-01    4.021943e+11    2.479459e-11
161.49412970581 -12.08129468964 1.000000e-01    4.021943e+11    2.479460e-11
161.49413395290 -12.08129099244 1.000000e-01    4.021943e+11    2.479460e-11
161.49411981766 -12.08129111477 1.000000e-01    4.021943e+11    2.479460e-11
161.49412995972 -12.08129543416 1.000000e-01    4.021943e+11    2.479459e-11
161.49412670464 -12.08129247505 1.000000e-01    4.021943e+11    2.479460e-11
161.49412817447 -12.08129710269 1.000000e-01    4.021943e+11    2.479460e-11
161.49413197587 -12.08128962663 1.000000e-01    4.021943e+11    2.479460e-11
161.49412125899 -12.08129399783 1.000000e-01    4.021943e+11    2.479460e-11
161.49133009189 -12.08028754259 1.000000e-01    4.010595e+11    2.469019e-11
161.49132340107 -12.08029773789 1.000000e-01    4.010595e+11    2.469020e-11
161.49132563033 -12.08029819673 1.000000e-01    4.010595e+11    2.469019e-11
161.49132252950 -12.08029424470 1.000000e-01    4.010595e+11    2.469020e-11
161.49133155543 -12.08029279826 1.000000e-01    4.010595e+11    2.469019e-11
161.49132982457 -12.08028667357 1.000000e-01    4.010595e+11    2.469019e-11
161.49132078577 -12.08028575548 1.000000e-01    4.010595e+11    2.469019e-11
161.49131994433 -12.08029645962 1.000000e-01    4.010595e+11    2.469019e-11
161.49133132691 -12.08029092142 1.000000e-01    4.010595e+11    2.469019e-11
161.49132874052 -12.08028574598 1.000000e-01    4.010595e+11    2.469019e-11
161.48844142116 -12.07927247991 1.000000e-01    3.999329e+11    2.458660e-11
161.48843791135 -12.07926601517 1.000000e-01    3.999329e+11    2.458661e-11
161.48844678063 -12.07927341826 1.000000e-01    3.999329e+11    2.458661e-11
161.48844615696 -12.07926893644 1.000000e-01    3.999329e+11    2.458661e-11
161.48843306161 -12.07926975391 1.000000e-01    3.999329e+11    2.458661e-11
161.48843687607 -12.07926973227 1.000000e-01    3.999329e+11    2.458661e-11
161.48843802704 -12.07926885202 1.000000e-01    3.999329e+11    2.458661e-11
161.48844402330 -12.07926829240 1.000000e-01    3.999329e+11    2.458661e-11
161.48844261455 -12.07927647317 1.000000e-01    3.999329e+11    2.458660e-11
161.48844200642 -12.07926894925 1.000000e-01    3.999329e+11    2.458661e-11
161.48547331904 -12.07823663567 1.000000e-01    3.988144e+11    2.448383e-11
161.48546894340 -12.07823780370 1.000000e-01    3.988144e+11    2.448382e-11
161.48547464191 -12.07823230300 1.000000e-01    3.988144e+11    2.448382e-11
161.48547027587 -12.07823372323 1.000000e-01    3.988144e+11    2.448382e-11
161.48547464799 -12.07822961790 1.000000e-01    3.988144e+11    2.448383e-11
161.48547283837 -12.07823934677 1.000000e-01    3.988144e+11    2.448383e-11
161.48547390402 -12.07822623710 1.000000e-01    3.988144e+11    2.448383e-11
161.48546822336 -12.07822992092 1.000000e-01    3.988144e+11    2.448382e-11
161.48546994818 -12.07822685467 1.000000e-01    3.988144e+11    2.448383e-11
161.48547619046 -12.07823920452 1.000000e-01    3.988144e+11    2.448382e-11
161.48242917581 -12.07717095154 1.000000e-01    3.977040e+11    2.438185e-11
161.48242370220 -12.07717291469 1.000000e-01    3.977040e+11    2.438184e-11
161.48243152513 -12.07717258336 1.000000e-01    3.977040e+11    2.438184e-11
161.48242462129 -12.07716678812 1.000000e-01    3.977040e+11    2.438185e-11
161.48242644544 -12.07717353110 1.000000e-01    3.977040e+11    2.438184e-11
161.48242078318 -12.07717999190 1.000000e-01    3.977040e+11    2.438184e-11
161.48242933299 -12.07716740867 1.000000e-01    3.977040e+11    2.438185e-11
161.48242594152 -12.07716724571 1.000000e-01    3.977040e+11    2.438184e-11
161.48242688357 -12.07717772017 1.000000e-01    3.977040e+11    2.438185e-11
161.48242023210 -12.07717807518 1.000000e-01    3.977040e+11    2.438185e-11
161.47929201767 -12.07610157285 1.000000e-01    3.966016e+11    2.428066e-11
161.47929606755 -12.07608700292 1.000000e-01    3.966016e+11    2.428066e-11
161.47929782789 -12.07609854338 1.000000e-01    3.966016e+11    2.428067e-11
161.47928779194 -12.07609249893 1.000000e-01    3.966016e+11    2.428066e-11
161.47929617183 -12.07608814548 1.000000e-01    3.966016e+11    2.428067e-11
161.47928889792 -12.07608929683 1.000000e-01    3.966016e+11    2.428066e-11
161.47928876787 -12.07609949475 1.000000e-01    3.966016e+11    2.428066e-11
161.47928642513 -12.07609539484 1.000000e-01    3.966016e+11    2.428067e-11
161.47928814499 -12.07609988513 1.000000e-01    3.966016e+11    2.428067e-11
161.47929159625 -12.07608645448 1.000000e-01    3.966016e+11    2.428066e-11
161.47608447115 -12.07499607112 1.000000e-01    3.955072e+11    2.418027e-11
161.47607709015 -12.07500273544 1.000000e-01    3.955072e+11    2.418027e-11
161.47607714607 -12.07498844549 1.000000e-01    3.955072e+11    2.418027e-11
161.47608257405 -12.07499020168 1.000000e-01    3.955072e+11    2.418028e-11
161.47608035200 -12.07498896615 1.000000e-01    3.955072e+11    2.418027e-11
161.47607499376 -12.07499180265 1.000000e-01    3.955072e+11    2.418027e-11
161.47608066732 -12.07500097850 1.000000e-01    3.955072e+11    2.418027e-11
161.47607004690 -12.07499119182 1.000000e-01    3.955072e+11    2.418027e-11
161.47607982938 -12.07499112045 1.000000e-01    3.955072e+11    2.418028e-11
161.47608410293 -12.07499294427 1.000000e-01    3.955072e+11    2.418028e-11
161.47278287816 -12.07387894051 1.000000e-01    3.944207e+11    2.408067e-11
161.47276770806 -12.07387783074 1.000000e-01    3.944207e+11    2.408067e-11
161.47278067660 -12.07386968667 1.000000e-01    3.944207e+11    2.408067e-11
161.47276811158 -12.07387949608 1.000000e-01    3.944207e+11    2.408067e-11
161.47278274954 -12.07387267328 1.000000e-01    3.944207e+11    2.408067e-11
161.47278226325 -12.07388048229 1.000000e-01    3.944207e+11    2.408067e-11
161.47277866684 -12.07388253314 1.000000e-01    3.944207e+11    2.408067e-11
161.47277508659 -12.07388334206 1.000000e-01    3.944207e+11    2.408067e-11
161.47276699851 -12.07387437649 1.000000e-01    3.944207e+11    2.408067e-11
161.47277720761 -12.07387644900 1.000000e-01    3.944207e+11    2.408066e-11
161.54753335103 -12.10303330784 1.000000e-01    4.518704e+11    2.942673e-11
161.54753386832 -12.10303198784 1.000000e-01    4.518704e+11    2.942673e-11
161.54753409212 -12.10303194145 1.000000e-01    4.518704e+11    2.942673e-11
161.54753429333 -12.10303290129 1.000000e-01    4.518704e+11    2.942673e-11
161.54753400765 -12.10303228489 1.000000e-01    4.518704e+11    2.942673e-11
161.54753336212 -12.10303328280 1.000000e-01    4.518704e+11    2.942673e-11
161.54753358297 -12.10303303288 1.000000e-01    4.518704e+11    2.942673e-11
161.54753316163 -12.10303302824 1.000000e-01    4.518704e+11    2.942673e-11
161.54753361490 -12.10303301816 1.000000e-01    4.518704e+11    2.942673e-11
161.54753408533 -12.10303210961 1.000000e-01    4.518704e+11    2.942673e-11
161.46938608583 -12.07274406410 1.000000e-01    3.933421e+11    2.398185e-11
161.46938286254 -12.07273267835 1.000000e-01    3.933421e+11    2.398184e-11
161.46939682152 -12.07273684779 1.000000e-01    3.933421e+11    2.398184e-11
161.46938566564 -12.07273507767 1.000000e-01    3.933421e+11    2.398185e-11
161.46938702185 -12.07274529503 1.000000e-01    3.933421e+11    2.398184e-11
161.46938527506 -12.07274458169 1.000000e-01    3.933421e+11    2.398184e-11
161.46938634993 -12.07273383995 1.000000e-01    3.933421e+11    2.398185e-11
161.46939413274 -12.07273099315 1.000000e-01    3.933421e+11    2.398184e-11
161.46938779901 -12.07272950657 1.000000e-01    3.933421e+11    2.398184e-11
161.46938720018 -12.07273158511 1.000000e-01    3.933421e+11    2.398185e-11
161.46592303040 -12.07157522628 1.000000e-01    3.922713e+11    2.388379e-11
161.46591576163 -12.07157143362 1.000000e-01    3.922713e+11    2.388380e-11
161.46591552771 -12.07158371194 1.000000e-01    3.922713e+11    2.388379e-11
161.46591324996 -12.07157424856 1.000000e-01    3.922713e+11    2.388380e-11
161.46591620136 -12.07157975297 1.000000e-01    3.922713e+11    2.388380e-11
161.46591360764 -12.07158669200 1.000000e-01    3.922713e+11    2.388379e-11
161.46590882800 -12.07158055306 1.000000e-01    3.922713e+11    2.388380e-11
161.46592323057 -12.07157918618 1.000000e-01    3.922713e+11    2.388380e-11
161.46590990214 -12.07157841531 1.000000e-01    3.922713e+11    2.388379e-11
161.46592012389 -12.07157355160 1.000000e-01    3.922713e+11    2.388379e-11
161.46236230299 -12.07039567319 1.000000e-01    3.912083e+11    2.378651e-11
161.46235519281 -12.07040287782 1.000000e-01    3.912083e+11    2.378652e-11
161.46236128970 -12.07040530083 1.000000e-01    3.912083e+11    2.378651e-11
161.46235280867 -12.07039955628 1.000000e-01    3.912083e+11    2.378652e-11
161.46236389512 -12.07040501311 1.000000e-01    3.912083e+11    2.378651e-11
161.46235283210 -12.07040123854 1.000000e-01    3.912083e+11    2.378650e-11
161.46235331758 -12.07040786171 1.000000e-01    3.912083e+11    2.378651e-11
161.46234871888 -12.07040419836 1.000000e-01    3.912083e+11    2.378651e-11
161.46234854472 -12.07040198834 1.000000e-01    3.912083e+11    2.378651e-11
161.46236475359 -12.07039712729 1.000000e-01    3.912083e+11    2.378651e-11
161.45871893523 -12.06920870959 1.000000e-01    3.901530e+11    2.368999e-11
161.45871750041 -12.06920735864 1.000000e-01    3.901530e+11    2.368999e-11
161.45870897480 -12.06919805554 1.000000e-01    3.901530e+11    2.369000e-11
161.45871884676 -12.06920890935 1.000000e-01    3.901530e+11    2.368999e-11
161.45870251473 -12.06920102799 1.000000e-01    3.901530e+11    2.368999e-11
161.45871996663 -12.06920377816 1.000000e-01    3.901530e+11    2.368999e-11
161.45871843163 -12.06920141383 1.000000e-01    3.901530e+11    2.368999e-11
161.45870631386 -12.06919717771 1.000000e-01    3.901530e+11    2.368999e-11
161.45871008243 -12.06921339593 1.000000e-01    3.901530e+11    2.368999e-11
161.45870475867 -12.06919842052 1.000000e-01    3.901530e+11    2.368999e-11
161.45497971400 -12.06799055415 1.000000e-01    3.891054e+11    2.359423e-11
161.45497551432 -12.06797948983 1.000000e-01    3.891054e+11    2.359423e-11
161.45497075072 -12.06799236035 1.000000e-01    3.891054e+11    2.359422e-11
161.45497210354 -12.06799616350 1.000000e-01    3.891054e+11    2.359423e-11
161.45496993338 -12.06798777183 1.000000e-01    3.891054e+11    2.359422e-11
161.45496789830 -12.06798839622 1.000000e-01    3.891054e+11    2.359423e-11
161.45498390027 -12.06799377495 1.000000e-01    3.891054e+11    2.359423e-11
161.45497259900 -12.06798461385 1.000000e-01    3.891054e+11    2.359423e-11
161.45497391108 -12.06798283988 1.000000e-01    3.891054e+11    2.359422e-11
161.45496843185 -12.06798469063 1.000000e-01    3.891054e+11    2.359423e-11
161.45116108542 -12.06675887452 1.000000e-01    3.880655e+11    2.349922e-11
161.45115452982 -12.06676236158 1.000000e-01    3.880655e+11    2.349922e-11
161.45115793441 -12.06674548560 1.000000e-01    3.880655e+11    2.349922e-11
161.45114763556 -12.06674899277 1.000000e-01    3.880655e+11    2.349923e-11
161.45115290085 -12.06674877826 1.000000e-01    3.880655e+11    2.349923e-11
161.45114586853 -12.06675031719 1.000000e-01    3.880655e+11    2.349922e-11
161.45114579133 -12.06675574527 1.000000e-01    3.880655e+11    2.349922e-11
161.45116280249 -12.06675545869 1.000000e-01    3.880655e+11    2.349922e-11
161.45116169740 -12.06675731313 1.000000e-01    3.880655e+11    2.349922e-11
161.45114817158 -12.06674729539 1.000000e-01    3.880655e+11    2.349922e-11
161.44723776583 -12.06549389229 1.000000e-01    3.870332e+11    2.340495e-11
161.44723326522 -12.06550018455 1.000000e-01    3.870332e+11    2.340496e-11
161.44723638611 -12.06550365595 1.000000e-01    3.870332e+11    2.340496e-11
161.44724535465 -12.06549787137 1.000000e-01    3.870332e+11    2.340496e-11
161.44724712782 -12.06550608003 1.000000e-01    3.870332e+11    2.340496e-11
161.44723704914 -12.06550439003 1.000000e-01    3.870332e+11    2.340495e-11
161.44724472684 -12.06549858645 1.000000e-01    3.870332e+11    2.340495e-11
161.44725032802 -12.06549627815 1.000000e-01    3.870332e+11    2.340496e-11
161.44723811342 -12.06549497834 1.000000e-01    3.870332e+11    2.340495e-11
161.44724119657 -12.06549653768 1.000000e-01    3.870332e+11    2.340495e-11
161.44323372503 -12.06421980522 1.000000e-01    3.860084e+11    2.331144e-11
161.44323220544 -12.06422043295 1.000000e-01    3.860084e+11    2.331144e-11
161.44323666176 -12.06421901979 1.000000e-01    3.860084e+11    2.331144e-11
161.44323084436 -12.06422172484 1.000000e-01    3.860084e+11    2.331144e-11
161.44323874492 -12.06422078168 1.000000e-01    3.860084e+11    2.331145e-11
161.44323008570 -12.06422520455 1.000000e-01    3.860084e+11    2.331144e-11
161.44324900592 -12.06422450817 1.000000e-01    3.860084e+11    2.331144e-11
161.44323195390 -12.06422038558 1.000000e-01    3.860084e+11    2.331144e-11
161.44324132265 -12.06421916416 1.000000e-01    3.860084e+11    2.331144e-11
161.44323620542 -12.06423452581 1.000000e-01    3.860084e+11    2.331144e-11
161.54726752929 -12.10289339566 1.000000e-01    4.503866e+11    2.928667e-11
161.54726745800 -12.10289435893 1.000000e-01    4.503866e+11    2.928667e-11
161.54726861363 -12.10289316535 1.000000e-01    4.503866e+11    2.928667e-11
161.54726885923 -12.10289402503 1.000000e-01    4.503866e+11    2.928667e-11
161.54726709463 -12.10289391781 1.000000e-01    4.503866e+11    2.928667e-11
161.54726718773 -12.10289386061 1.000000e-01    4.503866e+11    2.928667e-11
161.54726803654 -12.10289446741 1.000000e-01    4.503866e+11    2.928667e-11
161.54726885715 -12.10289338016 1.000000e-01    4.503866e+11    2.928667e-11
161.54726835910 -12.10289444654 1.000000e-01    4.503866e+11    2.928667e-11
161.54726867886 -12.10289307552 1.000000e-01    4.503866e+11    2.928667e-11
161.54695034840 -12.10273010631 1.000000e-01    4.489130e+11    2.914768e-11
161.54695186306 -12.10272921074 1.000000e-01    4.489130e+11    2.914768e-11
161.54695175712 -12.10273030952 1.000000e-01    4.489130e+11    2.914768e-11
161.54695045579 -12.10273041806 1.000000e-01    4.489130e+11    2.914768e-11
161.54695190426 -12.10272871660 1.000000e-01    4.489130e+11    2.914768e-11
161.54695169732 -12.10273029159 1.000000e-01    4.489130e+11    2.914768e-11
161.54695152654 -12.10273052406 1.000000e-01    4.489130e+11    2.914768e-11
161.54695044683 -12.10272847043 1.000000e-01    4.489130e+11    2.914768e-11
161.54695172495 -12.10273013377 1.000000e-01    4.489130e+11    2.914768e-11
161.54695116285 -12.10272842156 1.000000e-01    4.489130e+11    2.914768e-11
161.54658120309 -12.10254143562 1.000000e-01    4.474497e+11    2.900974e-11
161.54658101577 -12.10254180087 1.000000e-01    4.474497e+11    2.900974e-11
161.54658196019 -12.10253942171 1.000000e-01    4.474497e+11    2.900974e-11
161.54658033778 -12.10254096163 1.000000e-01    4.474497e+11    2.900974e-11
161.54658113433 -12.10253947010 1.000000e-01    4.474497e+11    2.900974e-11
161.54658199667 -12.10253974057 1.000000e-01    4.474497e+11    2.900974e-11
161.54658035925 -12.10254020630 1.000000e-01    4.474497e+11    2.900974e-11
161.54658026688 -12.10254096874 1.000000e-01    4.474497e+11    2.900974e-11
161.54658203747 -12.10254020255 1.000000e-01    4.474497e+11    2.900974e-11
161.54658086832 -12.10254173240 1.000000e-01    4.474497e+11    2.900974e-11
161.54615942216 -12.10232814756 1.000000e-01    4.459964e+11    2.887286e-11
161.54615961965 -12.10232819857 1.000000e-01    4.459964e+11    2.887286e-11
161.54616003456 -12.10232741526 1.000000e-01    4.459964e+11    2.887286e-11
161.54615986810 -12.10232779084 1.000000e-01    4.459964e+11    2.887286e-11
161.54615839933 -12.10232590838 1.000000e-01    4.459964e+11    2.887286e-11
161.54615834920 -12.10232854326 1.000000e-01    4.459964e+11    2.887286e-11
161.54616049573 -12.10232698619 1.000000e-01    4.459964e+11    2.887286e-11
161.54615998566 -12.10232718187 1.000000e-01    4.459964e+11    2.887286e-11
161.54615923493 -12.10232589537 1.000000e-01    4.459964e+11    2.887286e-11
161.54615978014 -12.10232607896 1.000000e-01    4.459964e+11    2.887286e-11
161.54568412210 -12.10208936629 1.000000e-01    4.445532e+11    2.873702e-11
161.54568213918 -12.10208772685 1.000000e-01    4.445532e+11    2.873703e-11
161.54568273585 -12.10208930343 1.000000e-01    4.445532e+11    2.873703e-11
161.54568265195 -12.10209016166 1.000000e-01    4.445532e+11    2.873702e-11
161.54568331130 -12.10209048883 1.000000e-01    4.445532e+11    2.873702e-11
161.54568145608 -12.10208865667 1.000000e-01    4.445532e+11    2.873703e-11
161.54568062781 -12.10208901633 1.000000e-01    4.445532e+11    2.873702e-11
161.54568379639 -12.10208899320 1.000000e-01    4.445532e+11    2.873702e-11
161.54568276250 -12.10209086735 1.000000e-01    4.445532e+11    2.873702e-11
161.54568345339 -12.10208804766 1.000000e-01    4.445532e+11    2.873702e-11
161.54810202048 -12.10333765839 1.000000e-01    4.579093e+11    2.999778e-11
161.54810227646 -12.10333778775 1.000000e-01    4.579093e+11    2.999778e-11
161.54810225427 -12.10333783783 1.000000e-01    4.579093e+11    2.999778e-11
161.54810218337 -12.10333784495 1.000000e-01    4.579093e+11    2.999778e-11
161.54810181640 -12.10333796599 1.000000e-01    4.579093e+11    2.999778e-11
161.54810196498 -12.10333778359 1.000000e-01    4.579093e+11    2.999778e-11
161.54810193848 -12.10333769055 1.000000e-01    4.579093e+11    2.999778e-11
161.54810223207 -12.10333788791 1.000000e-01    4.579093e+11    2.999778e-11
161.54810188299 -12.10333781575 1.000000e-01    4.579093e+11    2.999778e-11
161.54810183859 -12.10333791591 1.000000e-01    4.579093e+11    2.999778e-11
161.54515216722 -12.10182763767 1.000000e-01    4.431200e+11    2.860222e-11
161.54515021820 -12.10182643796 1.000000e-01    4.431200e+11    2.860222e-11
161.54515110524 -12.10182781791 1.000000e-01    4.431200e+11    2.860222e-11
161.54514985806 -12.10182639083 1.000000e-01    4.431200e+11    2.860222e-11
161.54515014802 -12.10182715028 1.000000e-01    4.431200e+11    2.860222e-11
161.54515107887 -12.10182791527 1.000000e-01    4.431200e+11    2.860222e-11
161.54515028956 -12.10182828250 1.000000e-01    4.431200e+11    2.860222e-11
161.54514906962 -12.10182765368 1.000000e-01    4.431200e+11    2.860222e-11
161.54514907927 -12.10182621822 1.000000e-01    4.431200e+11    2.860222e-11
161.54515148340 -12.10182786225 1.000000e-01    4.431200e+11    2.860222e-11
