161.54812504889 -12.10335068302 3.000000e-02    2.264837e+10    1.651016e-11
161.54812504889 -12.10335068302 3.000000e-02    2.264837e+10    1.651016e-11
161.54812504889 -12.10335068302 3.000000e-02    2.264837e+10    1.651016e-11
161.54812504889 -12.10335068302 3.000000e-02    2.264837e+10    1.651016e-11
161.54812504889 -12.10335068302 3.000000e-02    2.264837e+10    1.651016e-11
161.54812504889 -12.10335068302 3.000000e-02    2.264837e+10    1.651016e-11
161.54812504889 -12.10335068302 3.000000e-02    2.264837e+10    1.651016e-11
161.54812504889 -12.10335068302 3.000000e-02    2.264837e+10    1.651016e-11
161.54812504889 -12.10335068302 3.000000e-02    2.264837e+10    1.651016e-11
161.54812504889 -12.10335068302 3.000000e-02    2.264837e+10    1.651016e-11
161.54705766818 -12.10280653735 3.000000e-02    2.177345e+10    1.559565e-11
161.54705789518 -12.10280688495 3.000000e-02    2.177345e+10    1.559565e-11
161.54705417870 -12.10280703577 3.000000e-02    2.177345e+10    1.559565e-11
161.54705457831 -12.10280760530 3.000000e-02    2.177345e+10    1.559565e-11
161.54705714619 -12.10280867034 3.000000e-02    2.177345e+10    1.559565e-11
161.54705596795 -12.10280678163 3.000000e-02    2.177345e+10    1.559565e-11
161.54705677924 -12.10280879137 3.000000e-02    2.177345e+10    1.559565e-11
161.54705714635 -12.10280752374 3.000000e-02    2.177345e+10    1.559565e-11
161.54705746450 -12.10280588880 3.000000e-02    2.177345e+10    1.559565e-11
161.54705723513 -12.10280732342 3.000000e-02    2.177345e+10    1.559565e-11
161.54686264622 -12.10271217242 3.000000e-02    2.170378e+10    1.552341e-11
161.54686304010 -12.10271527675 3.000000e-02    2.170378e+10    1.552341e-11
161.54686391900 -12.10271541444 3.000000e-02    2.170378e+10    1.552341e-11
161.54686480602 -12.10271532356 3.000000e-02    2.170378e+10    1.552341e-11
161.54686525177 -12.10271477638 3.000000e-02    2.170378e+10    1.552341e-11
161.54686297309 -12.10271229466 3.000000e-02    2.170378e+10    1.552341e-11
161.54686247482 -12.10271317056 3.000000e-02    2.170378e+10    1.552341e-11
161.54686370587 -12.10271230346 3.000000e-02    2.170378e+10    1.552341e-11
161.54686466853 -12.10271548091 3.000000e-02    2.170378e+10    1.552341e-11
161.54686127544 -12.10271369860 3.000000e-02    2.170378e+10    1.552341e-11
161.54665248338 -12.10261554575 3.000000e-02    2.163459e+10    1.545176e-11
161.54665453839 -12.10261283885 3.000000e-02    2.163459e+10    1.545176e-11
161.54665311870 -12.10261413160 3.000000e-02    2.163459e+10    1.545175e-11
161.54665248745 -12.10261141000 3.000000e-02    2.163459e+10    1.545176e-11
161.54665226734 -12.10261236517 3.000000e-02    2.163459e+10    1.545176e-11
161.54665077121 -12.10261230186 3.000000e-02    2.163459e+10    1.545176e-11
161.54665406942 -12.10261515788 3.000000e-02    2.163459e+10    1.545176e-11
161.54665192027 -12.10261555534 3.000000e-02    2.163459e+10    1.545176e-11
161.54665306249 -12.10261355154 3.000000e-02    2.163459e+10    1.545175e-11
161.54665393419 -12.10261481351 3.000000e-02    2.163459e+10    1.545176e-11
161.54642392278 -12.10250455930 3.000000e-02    2.156588e+10    1.538069e-11
161.54642324499 -12.10250391050 3.000000e-02    2.156588e+10    1.538069e-11
161.54642568229 -12.10250790653 3.000000e-02    2.156588e+10    1.538069e-11
161.54642200156 -12.10250620004 3.000000e-02    2.156588e+10    1.538069e-11
161.54642487881 -12.10250400691 3.000000e-02    2.156588e+10    1.538069e-11
161.54642187496 -12.10250614191 3.000000e-02    2.156588e+10    1.538069e-11
161.54642674159 -12.10250637621 3.000000e-02    2.156588e+10    1.538069e-11
161.54642620355 -12.10250506835 3.000000e-02    2.156588e+10    1.538069e-11
161.54642416159 -12.10250558711 3.000000e-02    2.156588e+10    1.538069e-11
161.54642395199 -12.10250861990 3.000000e-02    2.156588e+10    1.538069e-11
161.54618085087 -12.10239069755 3.000000e-02    2.149765e+10    1.531020e-11
161.54617895175 -12.10238948031 3.000000e-02    2.149765e+10    1.531020e-11
161.54618102443 -12.10239181515 3.000000e-02    2.149765e+10    1.531020e-11
161.54617978017 -12.10239059155 3.000000e-02    2.149765e+10    1.531020e-11
161.54618019222 -12.10239107561 3.000000e-02    2.149765e+10    1.531020e-11
161.54617585504 -12.10239186292 3.000000e-02    2.149765e+10    1.531020e-11
161.54618050613 -12.10239076850 3.000000e-02    2.149765e+10    1.531020e-11
161.54617748051 -12.10239333443 3.000000e-02    2.149765e+10    1.531020e-11
161.54617668345 -12.10239297415 3.000000e-02    2.149765e+10    1.531020e-11
161.54617722590 -12.10239180768 3.000000e-02    2.149765e+10    1.531020e-11
161.54591473561 -12.10226696361 3.000000e-02    2.142990e+10    1.524028e-11
161.54591225145 -12.10227008479 3.000000e-02    2.142990e+10    1.524028e-11
161.54591350093 -12.10226692191 3.000000e-02    2.142990e+10    1.524028e-11
161.54591337084 -12.10227023375 3.000000e-02    2.142990e+10    1.524028e-11
161.54591156383 -12.10227068108 3.000000e-02    2.142990e+10    1.524028e-11
161.54591526597 -12.10227163224 3.000000e-02    2.142990e+10    1.524028e-11
161.54591567295 -12.10226717964 3.000000e-02    2.142990e+10    1.524028e-11
161.54591277686 -12.10227128765 3.000000e-02    2.142990e+10    1.524028e-11
161.54591361498 -12.10226968291 3.000000e-02    2.142990e+10    1.524028e-11
161.54591261416 -12.10226720324 3.000000e-02    2.142990e+10    1.524028e-11
161.54563361577 -12.10214271484 3.000000e-02    2.136261e+10    1.517094e-11
161.54563457558 -12.10214045384 3.000000e-02    2.136261e+10    1.517094e-11
161.54563019873 -12.10214314569 3.000000e-02    2.136261e+10    1.517094e-11
161.54563041262 -12.10214159305 3.000000e-02    2.136261e+10    1.517094e-11
161.54563119172 -12.10214342695 3.000000e-02    2.136261e+10    1.517094e-11
161.54563365786 -12.10213902812 3.000000e-02    2.136261e+10    1.517094e-11
161.54563463670 -12.10214041134 3.000000e-02    2.136261e+10    1.517094e-11
161.54563092453 -12.10214185175 3.000000e-02    2.136261e+10    1.517094e-11
161.54562872698 -12.10214105972 3.000000e-02    2.136261e+10    1.517094e-11
161.54563276459 -12.10214241935 3.000000e-02    2.136261e+10    1.517094e-11
161.54532911934 -12.10200262711 3.000000e-02    2.129580e+10    1.510216e-11
161.54533163949 -12.10200206137 3.000000e-02    2.129580e+10    1.510216e-11
161.54533051687 -12.10200694356 3.000000e-02    2.129580e+10    1.510216e-11
161.54532922698 -12.10200179237 3.000000e-02    2.129580e+10    1.510216e-11
161.54533338535 -12.10200574476 3.000000e-02    2.129580e+10    1.510216e-11
161.54533208687 -12.10200720331 3.000000e-02    2.129580e+10    1.510216e-11
161.54532907813 -12.10200312122 3.000000e-02    2.129580e+10    1.510216e-11
161.54532745565 -12.10200447066 3.000000e-02    2.129580e+10    1.510216e-11
161.54533078390 -12.10200295966 3.000000e-02    2.129580e+10    1.510216e-11
161.54533348090 -12.10200537631 3.000000e-02    2.129580e+10    1.510216e-11
161.54501180004 -12.10186262971 3.000000e-02    2.122946e+10    1.503394e-11
161.54500957764 -12.10186334549 3.000000e-02    2.122946e+10    1.503394e-11
161.54501268852 -12.10186413964 3.000000e-02    2.122946e+10    1.503394e-11
161.54501223641 -12.10186109115 3.000000e-02    2.122946e+10    1.503394e-11
161.54500784305 -12.10185982752 3.000000e-02    2.122946e+10    1.503394e-11
161.54501259295 -12.10186170038 3.000000e-02    2.122946e+10    1.503394e-11
161.54500936001 -12.10185990119 3.000000e-02    2.122946e+10    1.503394e-11
161.54501416381 -12.10186157530 3.000000e-02    2.122946e+10    1.503394e-11
161.54500939461 -12.10186257337 3.000000e-02    2.122946e+10    1.503394e-11
161.54500878657 -12.10185936059 3.000000e-02    2.122946e+10    1.503394e-11
161.54809690216 -12.10333546880 3.000000e-02    2.249746e+10    1.635145e-11
161.54809750723 -12.10333567033 3.000000e-02    2.249746e+10    1.635145e-11
161.54809692866 -12.10333556184 3.000000e-02    2.249746e+10    1.635145e-11
161.54809692866 -12.10333556184 3.000000e-02    2.249746e+10    1.635145e-11
161.54809714705 -12.10333562320 3.000000e-02    2.249746e+10    1.635145e-11
161.54809717355 -12.10333571625 3.000000e-02    2.249746e+10    1.635145e-11
161.54809692866 -12.10333556184 3.000000e-02    2.249746e+10    1.635145e-11
161.54809739552 -12.10333521544 3.000000e-02    2.249746e+10    1.635145e-11
161.54809718034 -12.10333554808 3.000000e-02    2.249746e+10    1.635145e-11
161.54809720685 -12.10333564112 3.000000e-02    2.249746e+10    1.635145e-11
161.54466956121 -12.10171268836 3.000000e-02    2.116357e+10    1.496628e-11
161.54466876799 -12.10171067600 3.000000e-02    2.116357e+10    1.496628e-11
161.54467016519 -12.10171052343 3.000000e-02    2.116357e+10    1.496628e-11
161.54467123463 -12.10171368792 3.000000e-02    2.116357e+10    1.496628e-11
161.54467302148 -12.10170851051 3.000000e-02    2.116357e+10    1.496628e-11
161.54466977879 -12.10171076406 3.000000e-02    2.116357e+10    1.496628e-11
161.54467361378 -12.10170994392 3.000000e-02    2.116357e+10    1.496628e-11
161.54466963370 -12.10171428205 3.000000e-02    2.116357e+10    1.496628e-11
161.54467141336 -12.10171431694 3.000000e-02    2.116357e+10    1.496628e-11
161.54467303128 -12.10171135357 3.000000e-02    2.116357e+10    1.496628e-11
161.54431234236 -12.10155156744 3.000000e-02    2.109816e+10    1.489917e-11
161.54431462510 -12.10155828009 3.000000e-02    2.109816e+10    1.489917e-11
161.54431499659 -12.10155178728 3.000000e-02    2.109816e+10    1.489917e-11
161.54431236590 -12.10155682543 3.000000e-02    2.109816e+10    1.489917e-11
161.54431469100 -12.10155461706 3.000000e-02    2.109816e+10    1.489917e-11
161.54431496562 -12.10155136075 3.000000e-02    2.109816e+10    1.489917e-11
161.54431132477 -12.10155445515 3.000000e-02    2.109816e+10    1.489917e-11
161.54431090311 -12.10155540655 3.000000e-02    2.109816e+10    1.489917e-11
161.54431634359 -12.10155298900 3.000000e-02    2.109816e+10    1.489917e-11
161.54431174329 -12.10155719787 3.000000e-02    2.109816e+10    1.489917e-11
161.54393957491 -12.10139151898 3.000000e-02    2.103319e+10    1.483261e-11
161.54393303910 -12.10138863302 3.000000e-02    2.103319e+10    1.483261e-11
161.54393903669 -12.10139263806 3.000000e-02    2.103319e+10    1.483261e-11
161.54393278824 -12.10139343997 3.000000e-02    2.103319e+10    1.483261e-11
161.54393851199 -12.10138933285 3.000000e-02    2.103319e+10    1.483261e-11
161.54393334988 -12.10138921244 3.000000e-02    2.103319e+10    1.483261e-11
161.54393341944 -12.10138798533 3.000000e-02    2.103319e+10    1.483261e-11
161.54393947188 -12.10139135038 3.000000e-02    2.103319e+10    1.483261e-11
161.54393415308 -12.10139444849 3.000000e-02    2.103319e+10    1.483261e-11
161.54393401975 -12.10139327812 3.000000e-02    2.103319e+10    1.483261e-11
161.54353822984 -12.10121663059 3.000000e-02    2.096869e+10    1.476659e-11
161.54354137936 -12.10122261022 3.000000e-02    2.096869e+10    1.476659e-11
161.54354165558 -12.10122223513 3.000000e-02    2.096869e+10    1.476659e-11
161.54353631103 -12.10121776943 3.000000e-02    2.096869e+10    1.476659e-11
161.54354013208 -12.10122380036 3.000000e-02    2.096869e+10    1.476659e-11
161.54353605837 -12.10122340238 3.000000e-02    2.096869e+10    1.476659e-11
161.54354172459 -12.10122177366 3.000000e-02    2.096869e+10    1.476659e-11
161.54353596985 -12.10121708794 3.000000e-02    2.096869e+10    1.476659e-11
161.54354176221 -12.10122184166 3.000000e-02    2.096869e+10    1.476659e-11
161.54354081884 -12.10121841099 3.000000e-02    2.096869e+10    1.476659e-11
161.54311738279 -12.10104129382 3.000000e-02    2.090464e+10    1.470111e-11
161.54312293066 -12.10104084924 3.000000e-02    2.090464e+10    1.470111e-11
161.54311868375 -12.10103990488 3.000000e-02    2.090464e+10    1.470111e-11
161.54311845778 -12.10104601151 3.000000e-02    2.090464e+10    1.470111e-11
161.54311653963 -12.10104357725 3.000000e-02    2.090464e+10    1.470111e-11
161.54312162109 -12.10104214232 3.000000e-02    2.090464e+10    1.470111e-11
161.54311728830 -12.10104013103 3.000000e-02    2.090464e+10    1.470111e-11
161.54312294609 -12.10104096731 3.000000e-02    2.090464e+10    1.470111e-11
161.54312078574 -12.10104272639 3.000000e-02    2.090464e+10    1.470112e-11
161.54312267440 -12.10104205658 3.000000e-02    2.090464e+10    1.470112e-11
161.54268475595 -12.10085842271 3.000000e-02    2.084103e+10    1.463617e-11
161.54267816625 -12.10085987973 3.000000e-02    2.084103e+10    1.463617e-11
161.54267876876 -12.10085630467 3.000000e-02    2.084103e+10    1.463617e-11
161.54267818338 -12.10085898140 3.000000e-02    2.084103e+10    1.463617e-11
161.54267883534 -12.10085615446 3.000000e-02    2.084103e+10    1.463617e-11
161.54267908135 -12.10085605804 3.000000e-02    2.084103e+10    1.463617e-11
161.54268129425 -12.10086271696 3.000000e-02    2.084103e+10    1.463617e-11
161.54268099579 -12.10085477613 3.000000e-02    2.084103e+10    1.463617e-11
161.54268407023 -12.10086228071 3.000000e-02    2.084103e+10    1.463617e-11
161.54268484523 -12.10086154464 3.000000e-02    2.084103e+10    1.463617e-11
161.54222453112 -12.10067165608 3.000000e-02    2.077788e+10    1.457176e-11
161.54222552025 -12.10066394316 3.000000e-02    2.077788e+10    1.457176e-11
161.54222519050 -12.10066489777 3.000000e-02    2.077788e+10    1.457176e-11
161.54222604754 -12.10066451024 3.000000e-02    2.077788e+10    1.457176e-11
161.54222314246 -12.10066334824 3.000000e-02    2.077788e+10    1.457176e-11
161.54222049024 -12.10066658045 3.000000e-02    2.077788e+10    1.457176e-11
161.54222337934 -12.10067209706 3.000000e-02    2.077788e+10    1.457176e-11
161.54222299704 -12.10067210000 3.000000e-02    2.077788e+10    1.457176e-11
161.54222800273 -12.10066777802 3.000000e-02    2.077788e+10    1.457176e-11
161.54221906831 -12.10066652323 3.000000e-02    2.077788e+10    1.457176e-11
161.54174570007 -12.10046890918 3.000000e-02    2.071517e+10    1.450787e-11
161.54174409104 -12.10047106847 3.000000e-02    2.071517e+10    1.450788e-11
161.54173997690 -12.10047020862 3.000000e-02    2.071517e+10    1.450787e-11
161.54174623094 -12.10046815293 3.000000e-02    2.071517e+10    1.450787e-11
161.54174753077 -12.10047276353 3.000000e-02    2.071517e+10    1.450787e-11
161.54174719647 -12.10046801662 3.000000e-02    2.071517e+10    1.450787e-11
161.54174554909 -12.10047349046 3.000000e-02    2.071517e+10    1.450787e-11
161.54174732551 -12.10047294119 3.000000e-02    2.071517e+10    1.450787e-11
161.54174737424 -12.10046927711 3.000000e-02    2.071517e+10    1.450787e-11
161.54174864270 -12.10046975851 3.000000e-02    2.071517e+10    1.450787e-11
161.54124464490 -12.10026816722 3.000000e-02    2.065290e+10    1.444451e-11
161.54124493241 -12.10026923782 3.000000e-02    2.065290e+10    1.444451e-11
161.54123883768 -12.10026719310 3.000000e-02    2.065290e+10    1.444451e-11
161.54124380657 -12.10026459847 3.000000e-02    2.065290e+10    1.444451e-11
161.54124477033 -12.10026975643 3.000000e-02    2.065290e+10    1.444451e-11
161.54124251763 -12.10026704809 3.000000e-02    2.065290e+10    1.444451e-11
161.54123979429 -12.10026434830 3.000000e-02    2.065290e+10    1.444451e-11
161.54123924267 -12.10026599389 3.000000e-02    2.065290e+10    1.444451e-11
161.54123878027 -12.10026686392 3.000000e-02    2.065290e+10    1.444451e-11
161.54123842862 -12.10026544198 3.000000e-02    2.065290e+10    1.444451e-11
161.54072065249 -12.10005568977 3.000000e-02    2.059108e+10    1.438166e-11
161.54072281759 -12.10004998216 3.000000e-02    2.059108e+10    1.438167e-11
161.54072404555 -12.10005555992 3.000000e-02    2.059108e+10    1.438166e-11
161.54072622677 -12.10005495332 3.000000e-02    2.059108e+10    1.438167e-11
161.54071865229 -12.10005590472 3.000000e-02    2.059108e+10    1.438166e-11
161.54072259565 -12.10005067313 3.000000e-02    2.059108e+10    1.438167e-11
161.54072426247 -12.10005644292 3.000000e-02    2.059108e+10    1.438167e-11
161.54071900129 -12.10005597688 3.000000e-02    2.059108e+10    1.438166e-11
161.54072612329 -12.10005574063 3.000000e-02    2.059108e+10    1.438167e-11
161.54071797959 -12.10005201664 3.000000e-02    2.059108e+10    1.438166e-11
161.54806185053 -12.10331571453 3.000000e-02    2.242278e+10    1.627307e-11
161.54806246311 -12.10331645319 3.000000e-02    2.242278e+10    1.627307e-11
161.54806223721 -12.10331585469 3.000000e-02    2.242278e+10    1.627307e-11
161.54806202524 -12.10331658135 3.000000e-02    2.242278e+10    1.627307e-11
161.54806146888 -12.10331642278 3.000000e-02    2.242278e+10    1.627307e-11
161.54806211513 -12.10331613014 3.000000e-02    2.242278e+10    1.627307e-11
161.54806251860 -12.10331632799 3.000000e-02    2.242278e+10    1.627307e-11
161.54806204672 -12.10331582597 3.000000e-02    2.242278e+10    1.627307e-11
161.54806194362 -12.10331565733 3.000000e-02    2.242278e+10    1.627307e-11
161.54806165755 -12.10331599709 3.000000e-02    2.242278e+10    1.627307e-11
161.54017409198 -12.09983658156 3.000000e-02    2.052969e+10    1.431934e-11
161.54017759636 -12.09983543581 3.000000e-02    2.052969e+10    1.431934e-11
161.54018298123 -12.09983589492 3.000000e-02    2.052969e+10    1.431934e-11
161.54018207615 -12.09983770575 3.000000e-02    2.052969e+10    1.431934e-11
161.54017817767 -12.09984226184 3.000000e-02    2.052969e+10    1.431934e-11
161.54018305854 -12.09983852678 3.000000e-02    2.052969e+10    1.431934e-11
161.54017859293 -12.09983439386 3.000000e-02    2.052969e+10    1.431933e-11
161.54017513869 -12.09983941486 3.000000e-02    2.052969e+10    1.431934e-11
161.54017810226 -12.09983209966 3.000000e-02    2.052969e+10    1.431934e-11
161.54017626755 -12.09984183546 3.000000e-02    2.052969e+10    1.431934e-11
161.53960853200 -12.09961050301 3.000000e-02    2.046873e+10    1.425752e-11
161.53961600361 -12.09961660204 3.000000e-02    2.046873e+10    1.425752e-11
161.53961204383 -12.09961787875 3.000000e-02    2.046873e+10    1.425752e-11
161.53961795679 -12.09961105016 3.000000e-02    2.046873e+10    1.425752e-11
161.53961096168 -12.09961709275 3.000000e-02    2.046873e+10    1.425752e-11
161.53961406304 -12.09961721991 3.000000e-02    2.046873e+10    1.425752e-11
161.53961035204 -12.09960933892 3.000000e-02    2.046873e+10    1.425752e-11
161.53961210571 -12.09961407335 3.000000e-02    2.046873e+10    1.425751e-11
161.53961573182 -12.09961507874 3.000000e-02    2.046873e+10    1.425752e-11
161.53961257771 -12.09961827762 3.000000e-02    2.046873e+10    1.425752e-11
161.53902340209 -12.09938559919 3.000000e-02    2.040821e+10    1.419620e-11
161.53902273002 -12.09938669396 3.000000e-02    2.040821e+10    1.419620e-11
161.53902203321 -12.09938036042 3.000000e-02    2.040821e+10    1.419620e-11
161.53903158115 -12.09938223262 3.000000e-02    2.040821e+10    1.419620e-11
161.53902177815 -12.09937869999 3.000000e-02    2.040821e+10    1.419620e-11
161.53902714935 -12.09937968568 3.000000e-02    2.040821e+10    1.419620e-11
161.53902765372 -12.09937921262 3.000000e-02    2.040821e+10    1.419621e-11
161.53902258621 -12.09938625383 3.000000e-02    2.040821e+10    1.419621e-11
161.53902599097 -12.09938456786 3.000000e-02    2.040821e+10    1.419621e-11
161.53902489612 -12.09938686912 3.000000e-02    2.040821e+10    1.419620e-11
161.53841984597 -12.09914280873 3.000000e-02    2.034812e+10    1.413540e-11
161.53841493912 -12.09915015726 3.000000e-02    2.034812e+10    1.413539e-11
161.53841675633 -12.09914987521 3.000000e-02    2.034812e+10    1.413540e-11
161.53841366521 -12.09914959325 3.000000e-02    2.034812e+10    1.413539e-11
161.53842213916 -12.09914764394 3.000000e-02    2.034812e+10    1.413539e-11
161.53842117279 -12.09914189797 3.000000e-02    2.034812e+10    1.413540e-11
161.53841901144 -12.09914518759 3.000000e-02    2.034812e+10    1.413540e-11
161.53842263963 -12.09914626678 3.000000e-02    2.034812e+10    1.413539e-11
161.53841260711 -12.09914755069 3.000000e-02    2.034812e+10    1.413539e-11
161.53841501549 -12.09914020721 3.000000e-02    2.034812e+10    1.413539e-11
161.53778905063 -12.09889924391 3.000000e-02    2.028845e+10    1.407508e-11
161.53778758197 -12.09889831779 3.000000e-02    2.028845e+10    1.407508e-11
161.53777938175 -12.09890224447 3.000000e-02    2.028845e+10    1.407508e-11
161.53778419325 -12.09890529442 3.000000e-02    2.028845e+10    1.407508e-11
161.53778069932 -12.09889976720 3.000000e-02    2.028845e+10    1.407508e-11
161.53778451262 -12.09889670543 3.000000e-02    2.028845e+10    1.407508e-11
161.53778174754 -12.09890158402 3.000000e-02    2.028845e+10    1.407509e-11
161.53779066314 -12.09890246120 3.000000e-02    2.028845e+10    1.407508e-11
161.53778840233 -12.09889742124 3.000000e-02    2.028845e+10    1.407508e-11
161.53778014209 -12.09890375633 3.000000e-02    2.028845e+10    1.407508e-11
161.53713106425 -12.09865045795 3.000000e-02    2.022921e+10    1.401526e-11
161.53713358663 -12.09865455909 3.000000e-02    2.022921e+10    1.401527e-11
161.53712892418 -12.09865541860 3.000000e-02    2.022921e+10    1.401526e-11
161.53712976466 -12.09865363260 3.000000e-02    2.022921e+10    1.401527e-11
161.53713522738 -12.09864721306 3.000000e-02    2.022921e+10    1.401527e-11
161.53712980707 -12.09865569934 3.000000e-02    2.022921e+10    1.401526e-11
161.53713477548 -12.09864697236 3.000000e-02    2.022921e+10    1.401527e-11
161.53713160430 -12.09864883297 3.000000e-02    2.022921e+10    1.401527e-11
161.53713429061 -12.09864974320 3.000000e-02    2.022921e+10    1.401527e-11
161.53712983238 -12.09864563287 3.000000e-02    2.022921e+10    1.401527e-11
161.53645904721 -12.09839416792 3.000000e-02    2.017039e+10    1.395594e-11
161.53645549144 -12.09839953906 3.000000e-02    2.017039e+10    1.395594e-11
161.53645854150 -12.09839303615 3.000000e-02    2.017039e+10    1.395594e-11
161.53645838342 -12.09839095164 3.000000e-02    2.017039e+10    1.395594e-11
161.53645218200 -12.09838916621 3.000000e-02    2.017039e+10    1.395594e-11
161.53645226278 -12.09839794388 3.000000e-02    2.017039e+10    1.395594e-11
161.53645437280 -12.09839511297 3.000000e-02    2.017039e+10    1.395594e-11
161.53645387988 -12.09840053860 3.000000e-02    2.017039e+10    1.395594e-11
161.53645976570 -12.09839527842 3.000000e-02    2.017039e+10    1.395594e-11
161.53645648916 -12.09840009300 3.000000e-02    2.017039e+10    1.395594e-11
161.53575927662 -12.09812888786 3.000000e-02    2.011198e+10    1.389710e-11
161.53575368591 -12.09813575523 3.000000e-02    2.011198e+10    1.389710e-11
161.53575063968 -12.09812789965 3.000000e-02    2.011198e+10    1.389710e-11
161.53574958065 -12.09812776869 3.000000e-02    2.011198e+10    1.389710e-11
161.53575895645 -12.09813044839 3.000000e-02    2.011198e+10    1.389710e-11
161.53575949684 -12.09812940347 3.000000e-02    2.011198e+10    1.389710e-11
161.53575182846 -12.09812682642 3.000000e-02    2.011198e+10    1.389710e-11
161.53575050854 -12.09813682809 3.000000e-02    2.011198e+10    1.389710e-11
161.53575809655 -12.09812954704 3.000000e-02    2.011198e+10    1.389710e-11
161.53575267535 -12.09812544762 3.000000e-02    2.011198e+10    1.389710e-11
161.53502750194 -12.09785753923 3.000000e-02    2.005400e+10    1.383875e-11
161.53502708904 -12.09786062734 3.000000e-02    2.005400e+10    1.383875e-11
161.53502932421 -12.09785957569 3.000000e-02    2.005400e+10    1.383875e-11
161.53503143670 -12.09786850396 3.000000e-02    2.005400e+10    1.383875e-11
161.53503383860 -12.09785928843 3.000000e-02    2.005400e+10    1.383874e-11
161.53502965966 -12.09786873303 3.000000e-02    2.005400e+10    1.383875e-11
161.53503552793 -12.09785919908 3.000000e-02    2.005400e+10    1.383875e-11
161.53502483807 -12.09786347709 3.000000e-02    2.005400e+10    1.383874e-11
161.53503439334 -12.09786263377 3.000000e-02    2.005400e+10    1.383875e-11
161.53502652752 -12.09786562372 3.000000e-02    2.005400e+10    1.383874e-11
161.53428101472 -12.09759064607 3.000000e-02    1.999643e+10    1.378087e-11
161.53428917625 -12.09758569151 3.000000e-02    1.999643e+10    1.378087e-11
161.53428214509 -12.09759275033 3.000000e-02    1.999643e+10    1.378087e-11
161.53428368460 -12.09759073323 3.000000e-02    1.999643e+10    1.378087e-11
161.53428210967 -12.09758202716 3.000000e-02    1.999643e+10    1.378087e-11
161.53428357007 -12.09759205534 3.000000e-02    1.999643e+10    1.378087e-11
161.53427802250 -12.09758183101 3.000000e-02    1.999643e+10    1.378087e-11
161.53428683009 -12.09758999485 3.000000e-02    1.999643e+10    1.378087e-11
161.53427730632 -12.09758915812 3.000000e-02    1.999643e+10    1.378087e-11
161.53428448903 -12.09759048420 3.000000e-02    1.999643e+10    1.378087e-11
161.54801222617 -12.10328995818 3.000000e-02    2.234862e+10    1.619532e-11
161.54801188819 -12.10328986097 3.000000e-02    2.234862e+10    1.619532e-11
161.54801267441 -12.10328909968 3.000000e-02    2.234862e+10    1.619532e-11
161.54801257094 -12.10328988722 3.000000e-02    2.234862e+10    1.619532e-11
161.54801257094 -12.10328988722 3.000000e-02    2.234862e+10    1.619532e-11
161.54801235146 -12.10329007674 3.000000e-02    2.234862e+10    1.619532e-11
161.54801206824 -12.10328914904 3.000000e-02    2.234862e+10    1.619532e-11
161.54801228524 -12.10328927080 3.000000e-02    2.234862e+10    1.619532e-11
161.54801278502 -12.10328980546 3.000000e-02    2.234862e+10    1.619532e-11
161.54801178758 -12.10328938104 3.000000e-02    2.234862e+10    1.619532e-11
161.53351413085 -12.09730970303 3.000000e-02    1.993927e+10    1.372347e-11
161.53350923283 -12.09730807329 3.000000e-02    1.993927e+10    1.372347e-11
161.53351588361 -12.09730964509 3.000000e-02    1.993927e+10    1.372347e-11
161.53350582945 -12.09730139566 3.000000e-02    1.993927e+10    1.372347e-11
161.53351773916 -12.09730292325 3.000000e-02    1.993927e+10    1.372347e-11
161.53350942132 -12.09730190063 3.000000e-02    1.993927e+10    1.372347e-11
161.53351527225 -12.09730501523 3.000000e-02    1.993927e+10    1.372347e-11
161.53351458194 -12.09730923875 3.000000e-02    1.993927e+10    1.372347e-11
161.53350645178 -12.09730325470 3.000000e-02    1.993927e+10    1.372347e-11
161.53351684607 -12.09730037111 3.000000e-02    1.993927e+10    1.372347e-11
161.53271117178 -12.09701779791 3.000000e-02    1.988252e+10    1.366654e-11
161.53271824736 -12.09702136798 3.000000e-02    1.988252e+10    1.366654e-11
161.53271285836 -12.09701469868 3.000000e-02    1.988252e+10    1.366654e-11
161.53271884725 -12.09702295731 3.000000e-02    1.988252e+10    1.366654e-11
161.53271208111 -12.09701133945 3.000000e-02    1.988252e+10    1.366654e-11
161.53271493048 -12.09702297454 3.000000e-02    1.988252e+10    1.366654e-11
161.53271508093 -12.09701392281 3.000000e-02    1.988252e+10    1.366654e-11
161.53271287746 -12.09701451054 3.000000e-02    1.988252e+10    1.366654e-11
161.53272150715 -12.09701432612 3.000000e-02    1.988252e+10    1.366654e-11
161.53271890589 -12.09701696905 3.000000e-02    1.988252e+10    1.366654e-11
161.53189689361 -12.09672067954 3.000000e-02    1.982618e+10    1.361008e-11
161.53189228688 -12.09672057948 3.000000e-02    1.982618e+10    1.361008e-11
161.53189405344 -12.09671731362 3.000000e-02    1.982618e+10    1.361008e-11
161.53190121841 -12.09671896238 3.000000e-02    1.982618e+10    1.361008e-11
161.53189875741 -12.09671519982 3.000000e-02    1.982618e+10    1.361008e-11
161.53189283762 -12.09672231591 3.000000e-02    1.982618e+10    1.361008e-11
161.53190157919 -12.09672546134 3.000000e-02    1.982618e+10    1.361008e-11
161.53189817754 -12.09671719261 3.000000e-02    1.982618e+10    1.361008e-11
161.53189837959 -12.09671668663 3.000000e-02    1.982618e+10    1.361008e-11
161.53190286818 -12.09672690882 3.000000e-02    1.982618e+10    1.361008e-11
161.53105517371 -12.09642396227 3.000000e-02    1.977024e+10    1.355408e-11
161.53105858216 -12.09641603705 3.000000e-02    1.977024e+10    1.355409e-11
161.53106164709 -12.09642063688 3.000000e-02    1.977024e+10    1.355409e-11
161.53105610740 -12.09641720683 3.000000e-02    1.977024e+10    1.355409e-11
161.53105993285 -12.09642280849 3.000000e-02    1.977024e+10    1.355408e-11
161.53105322849 -12.09642851838 3.000000e-02    1.977024e+10    1.355408e-11
161.53106146452 -12.09642018932 3.000000e-02    1.977024e+10    1.355409e-11
161.53105054943 -12.09642367344 3.000000e-02    1.977024e+10    1.355409e-11
161.53106079226 -12.09641853813 3.000000e-02    1.977024e+10    1.355409e-11
161.53105241642 -12.09641584211 3.000000e-02    1.977024e+10    1.355408e-11
161.53019259026 -12.09611152424 3.000000e-02    1.971471e+10    1.349855e-11
161.53019144847 -12.09611965840 3.000000e-02    1.971471e+10    1.349855e-11
161.53018233546 -12.09612127700 3.000000e-02    1.971471e+10    1.349855e-11
161.53019200715 -12.09611765525 3.000000e-02    1.971471e+10    1.349855e-11
161.53018067848 -12.09611777531 3.000000e-02    1.971471e+10    1.349855e-11
161.53017871960 -12.09611238558 3.000000e-02    1.971471e+10    1.349855e-11
161.53018206312 -12.09611974940 3.000000e-02    1.971471e+10    1.349855e-11
161.53018196153 -12.09610860255 3.000000e-02    1.971471e+10    1.349855e-11
161.53018184728 -12.09611937693 3.000000e-02    1.971471e+10    1.349855e-11
161.53018060814 -12.09611152615 3.000000e-02    1.971471e+10    1.349855e-11
161.52928733255 -12.09580245372 3.000000e-02    1.965957e+10    1.344348e-11
161.52928661159 -12.09579909932 3.000000e-02    1.965957e+10    1.344348e-11
161.52929567411 -12.09579889975 3.000000e-02    1.965957e+10    1.344347e-11
161.52929861958 -12.09580072130 3.000000e-02    1.965957e+10    1.344348e-11
161.52929067957 -12.09579488786 3.000000e-02    1.965957e+10    1.344348e-11
161.52929895430 -12.09580163612 3.000000e-02    1.965957e+10    1.344347e-11
161.52928933254 -12.09580856082 3.000000e-02    1.965957e+10    1.344348e-11
161.52929717911 -12.09579542222 3.000000e-02    1.965957e+10    1.344348e-11
161.52929087589 -12.09580872782 3.000000e-02    1.965957e+10    1.344347e-11
161.52929221686 -12.09580697482 3.000000e-02    1.965957e+10    1.344348e-11
161.52837934709 -12.09548072558 3.000000e-02    1.960483e+10    1.338885e-11
161.52838205260 -12.09548400604 3.000000e-02    1.960483e+10    1.338885e-11
161.52837267219 -12.09547561905 3.000000e-02    1.960483e+10    1.338885e-11
161.52838097921 -12.09547871563 3.000000e-02    1.960483e+10    1.338885e-11
161.52836737191 -12.09548119835 3.000000e-02    1.960483e+10    1.338885e-11
161.52837282859 -12.09548606476 3.000000e-02    1.960483e+10    1.338886e-11
161.52836992404 -12.09548515394 3.000000e-02    1.960483e+10    1.338886e-11
161.52838218812 -12.09548384051 3.000000e-02    1.960483e+10    1.338885e-11
161.52837451543 -12.09548852220 3.000000e-02    1.960483e+10    1.338886e-11
161.52837431645 -12.09547562973 3.000000e-02    1.960483e+10    1.338885e-11
161.52742646060 -12.09515314222 3.000000e-02    1.955049e+10    1.333468e-11
161.52743180021 -12.09516519430 3.000000e-02    1.955049e+10    1.333468e-11
161.52743571623 -12.09515125912 3.000000e-02    1.955049e+10    1.333468e-11
161.52742759138 -12.09515122580 3.000000e-02    1.955049e+10    1.333468e-11
161.52743643519 -12.09515294480 3.000000e-02    1.955049e+10    1.333468e-11
161.52743809205 -12.09516187591 3.000000e-02    1.955049e+10    1.333468e-11
161.52742785415 -12.09515553175 3.000000e-02    1.955049e+10    1.333468e-11
161.52742824625 -12.09515121964 3.000000e-02    1.955049e+10    1.333468e-11
161.52743713042 -12.09515295435 3.000000e-02    1.955049e+10    1.333468e-11
161.52742725461 -12.09515451794 3.000000e-02    1.955049e+10    1.333468e-11
161.52646789212 -12.09482482416 3.000000e-02    1.949654e+10    1.328096e-11
161.52645614544 -12.09482257979 3.000000e-02    1.949654e+10    1.328096e-11
161.52646621589 -12.09482514457 3.000000e-02    1.949654e+10    1.328095e-11
161.52646281576 -12.09482013691 3.000000e-02    1.949654e+10    1.328096e-11
161.52645806847 -12.09482867165 3.000000e-02    1.949654e+10    1.328095e-11
161.52645687212 -12.09482838137 3.000000e-02    1.949654e+10    1.328096e-11
161.52646293438 -12.09482157701 3.000000e-02    1.949654e+10    1.328096e-11
161.52645564652 -12.09482460061 3.000000e-02    1.949654e+10    1.328096e-11
161.52646246223 -12.09482553823 3.000000e-02    1.949654e+10    1.328095e-11
161.52646849750 -12.09482407023 3.000000e-02    1.949654e+10    1.328096e-11
161.52546500393 -12.09448978001 3.000000e-02    1.944298e+10    1.322768e-11
161.52546880101 -12.09449266716 3.000000e-02    1.944298e+10    1.322768e-11
161.52546578528 -12.09448210637 3.000000e-02    1.944298e+10    1.322768e-11
161.52546616713 -12.09449768075 3.000000e-02    1.944298e+10    1.322768e-11
161.52546702047 -12.09448368703 3.000000e-02    1.944298e+10    1.322768e-11
161.52546596749 -12.09449378672 3.000000e-02    1.944298e+10    1.322767e-11
161.52546180387 -12.09449459956 3.000000e-02    1.944298e+10    1.322768e-11
161.52546492527 -12.09449626818 3.000000e-02    1.944298e+10    1.322767e-11
161.52547656223 -12.09449200097 3.000000e-02    1.944298e+10    1.322768e-11
161.52547273561 -12.09449207682 3.000000e-02    1.944298e+10    1.322768e-11
161.54794685596 -12.10325568850 3.000000e-02    2.227497e+10    1.611820e-11
161.54794758597 -12.10325434712 3.000000e-02    2.227497e+10    1.611820e-11
161.54794738151 -12.10325561090 3.000000e-02    2.227497e+10    1.611820e-11
161.54794689963 -12.10325488304 3.000000e-02    2.227497e+10    1.611820e-11
161.54794776930 -12.10325550018 3.000000e-02    2.227497e+10    1.611820e-11
161.54794729200 -12.10325510593 3.000000e-02    2.227497e+10    1.611820e-11
161.54794752579 -12.10325528538 3.000000e-02    2.227497e+10    1.611820e-11
161.54794782837 -12.10325481281 3.000000e-02    2.227497e+10    1.611820e-11
161.54794824973 -12.10325481746 3.000000e-02    2.227497e+10    1.611820e-11
161.54794835465 -12.10325544051 3.000000e-02    2.227497e+10    1.611820e-11
161.52445413454 -12.09414873963 3.000000e-02    1.938981e+10    1.317484e-11
161.52444642361 -12.09415468510 3.000000e-02    1.938981e+10    1.317484e-11
161.52444083204 -12.09415062067 3.000000e-02    1.938981e+10    1.317484e-11
161.52445234065 -12.09414763103 3.000000e-02    1.938981e+10    1.317484e-11
161.52445250197 -12.09413963816 3.000000e-02    1.938981e+10    1.317484e-11
161.52445226444 -12.09415125312 3.000000e-02    1.938981e+10    1.317483e-11
161.52445542578 -12.09415140655 3.000000e-02    1.938981e+10    1.317484e-11
161.52444233924 -12.09414714901 3.000000e-02    1.938981e+10    1.317483e-11
161.52445239775 -12.09413959094 3.000000e-02    1.938981e+10    1.317483e-11
161.52444254109 -12.09414472738 3.000000e-02    1.938981e+10    1.317483e-11
161.52340075320 -12.09379864761 3.000000e-02    1.933702e+10    1.312243e-11
161.52339398572 -12.09379449332 3.000000e-02    1.933702e+10    1.312243e-11
161.52341014226 -12.09379570741 3.000000e-02    1.933702e+10    1.312243e-11
161.52340069740 -12.09380643686 3.000000e-02    1.933702e+10    1.312243e-11
161.52340512077 -12.09378987408 3.000000e-02    1.933702e+10    1.312243e-11
161.52340672722 -12.09380520314 3.000000e-02    1.933702e+10    1.312243e-11
161.52340058944 -12.09380554996 3.000000e-02    1.933702e+10    1.312243e-11
161.52340939846 -12.09380255384 3.000000e-02    1.933702e+10    1.312243e-11
161.52340341665 -12.09380006437 3.000000e-02    1.933702e+10    1.312244e-11
161.52340025388 -12.09380590698 3.000000e-02    1.933702e+10    1.312243e-11
161.52233299294 -12.09343540908 3.000000e-02    1.928462e+10    1.307046e-11
161.52233328355 -12.09344312480 3.000000e-02    1.928462e+10    1.307046e-11
161.52232719928 -12.09343472164 3.000000e-02    1.928462e+10    1.307046e-11
161.52233453287 -12.09344118648 3.000000e-02    1.928462e+10    1.307046e-11
161.52233254155 -12.09344142055 3.000000e-02    1.928462e+10    1.307046e-11
161.52233298957 -12.09344178472 3.000000e-02    1.928462e+10    1.307047e-11
161.52233819601 -12.09344507032 3.000000e-02    1.928462e+10    1.307046e-11
161.52232664072 -12.09345134486 3.000000e-02    1.928462e+10    1.307046e-11
161.52232787344 -12.09344276980 3.000000e-02    1.928462e+10    1.307047e-11
161.52232771005 -12.09343504080 3.000000e-02    1.928462e+10    1.307046e-11
161.52123767440 -12.09308716334 3.000000e-02    1.923260e+10    1.301892e-11
161.52123663859 -12.09308519323 3.000000e-02    1.923260e+10    1.301892e-11
161.52123148644 -12.09308937750 3.000000e-02    1.923260e+10    1.301892e-11
161.52123792210 -12.09308681660 3.000000e-02    1.923260e+10    1.301892e-11
161.52123556904 -12.09307551559 3.000000e-02    1.923260e+10    1.301892e-11
161.52122314082 -12.09307681556 3.000000e-02    1.923260e+10    1.301892e-11
161.52123827846 -12.09307848969 3.000000e-02    1.923260e+10    1.301892e-11
161.52122181841 -12.09308514439 3.000000e-02    1.923260e+10    1.301892e-11
161.52123250426 -12.09309057747 3.000000e-02    1.923260e+10    1.301892e-11
161.52123417529 -12.09308245008 3.000000e-02    1.923260e+10    1.301893e-11
161.52010947654 -12.09270826730 3.000000e-02    1.918096e+10    1.296781e-11
161.52010190951 -12.09272051830 3.000000e-02    1.918096e+10    1.296781e-11
161.52009819747 -12.09271320325 3.000000e-02    1.918096e+10    1.296781e-11
161.52010741224 -12.09271508956 3.000000e-02    1.918096e+10    1.296781e-11
161.52010005173 -12.09271669431 3.000000e-02    1.918096e+10    1.296781e-11
161.52011090289 -12.09271792536 3.000000e-02    1.918096e+10    1.296781e-11
161.52010306353 -12.09270879106 3.000000e-02    1.918096e+10    1.296781e-11
161.52010042296 -12.09271621758 3.000000e-02    1.918096e+10    1.296781e-11
161.52010738011 -12.09271873274 3.000000e-02    1.918096e+10    1.296781e-11
161.52009739628 -12.09271142051 3.000000e-02    1.918096e+10    1.296781e-11
161.51895989079 -12.09233995967 3.000000e-02    1.912970e+10    1.291712e-11
161.51895493799 -12.09235166529 3.000000e-02    1.912970e+10    1.291712e-11
161.51895841988 -12.09234847016 3.000000e-02    1.912970e+10    1.291712e-11
161.51896112309 -12.09234427616 3.000000e-02    1.912970e+10    1.291712e-11
161.51895110161 -12.09235234135 3.000000e-02    1.912970e+10    1.291712e-11
161.51894780049 -12.09235131560 3.000000e-02    1.912970e+10    1.291712e-11
161.51895171499 -12.09234651660 3.000000e-02    1.912970e+10    1.291712e-11
161.51896028226 -12.09233941695 3.000000e-02    1.912970e+10    1.291712e-11
161.51895991525 -12.09234036381 3.000000e-02    1.912970e+10    1.291712e-11
161.51894801954 -12.09233497645 3.000000e-02    1.912970e+10    1.291712e-11
161.51776914075 -12.09196500826 3.000000e-02    1.907881e+10    1.286685e-11
161.51776810289 -12.09196839737 3.000000e-02    1.907881e+10    1.286685e-11
161.51776840153 -12.09197366419 3.000000e-02    1.907881e+10    1.286685e-11
161.51776394759 -12.09196311494 3.000000e-02    1.907881e+10    1.286685e-11
161.51777137192 -12.09196113870 3.000000e-02    1.907881e+10    1.286685e-11
161.51777524298 -12.09197329395 3.000000e-02    1.907881e+10    1.286685e-11
161.51777335162 -12.09195582087 3.000000e-02    1.907881e+10    1.286685e-11
161.51776761542 -12.09196375353 3.000000e-02    1.907881e+10    1.286685e-11
161.51777301265 -12.09196172660 3.000000e-02    1.907881e+10    1.286685e-11
161.51776662351 -12.09195716041 3.000000e-02    1.907881e+10    1.286685e-11
161.51655701630 -12.09158637499 3.000000e-02    1.902830e+10    1.281700e-11
161.51656052905 -12.09158750087 3.000000e-02    1.902830e+10    1.281700e-11
161.51656489226 -12.09159052867 3.000000e-02    1.902830e+10    1.281700e-11
161.51657026173 -12.09157364551 3.000000e-02    1.902830e+10    1.281700e-11
161.51655777813 -12.09158342161 3.000000e-02    1.902830e+10    1.281700e-11
161.51656590209 -12.09159048740 3.000000e-02    1.902830e+10    1.281700e-11
161.51657296124 -12.09158539699 3.000000e-02    1.902830e+10    1.281700e-11
161.51657272540 -12.09158476354 3.000000e-02    1.902830e+10    1.281700e-11
161.51656195023 -12.09158973993 3.000000e-02    1.902830e+10    1.281700e-11
161.51655544411 -12.09157908246 3.000000e-02    1.902830e+10    1.281700e-11
161.54786759518 -12.10321307643 3.000000e-02    2.220182e+10    1.604171e-11
161.54786865059 -12.10321306436 3.000000e-02    2.220182e+10    1.604171e-11
161.54786808423 -12.10321267995 3.000000e-02    2.220182e+10    1.604171e-11
161.54786688913 -12.10321335115 3.000000e-02    2.220182e+10    1.604171e-11
161.54786696754 -12.10321388116 3.000000e-02    2.220182e+10    1.604171e-11
161.54786884071 -12.10321404926 3.000000e-02    2.220182e+10    1.604171e-11
161.54786790483 -12.10321262619 3.000000e-02    2.220182e+10    1.604171e-11
161.54786742871 -12.10321345204 3.000000e-02    2.220182e+10    1.604171e-11
161.54786716300 -12.10321328731 3.000000e-02    2.220182e+10    1.604171e-11
161.54786843365 -12.10321441358 3.000000e-02    2.220182e+10    1.604171e-11
161.54777194325 -12.10316390542 3.000000e-02    2.212918e+10    1.596584e-11
161.54777253291 -12.10316398887 3.000000e-02    2.212918e+10    1.596584e-11
161.54777198086 -12.10316397342 3.000000e-02    2.212918e+10    1.596584e-11
161.54777254870 -12.10316315078 3.000000e-02    2.212918e+10    1.596584e-11
161.54777212155 -12.10316421007 3.000000e-02    2.212918e+10    1.596584e-11
161.54777371836 -12.10316475329 3.000000e-02    2.212918e+10    1.596584e-11
161.54777264397 -12.10316520944 3.000000e-02    2.212918e+10    1.596584e-11
161.54777174459 -12.10316410526 3.000000e-02    2.212918e+10    1.596584e-11
161.54777197518 -12.10316389070 3.000000e-02    2.212918e+10    1.596584e-11
161.54777187098 -12.10316397294 3.000000e-02    2.212918e+10    1.596584e-11
161.54766240155 -12.10310786333 3.000000e-02    2.205704e+10    1.589059e-11
161.54766211078 -12.10310901614 3.000000e-02    2.205704e+10    1.589059e-11
161.54766239007 -12.10310884454 3.000000e-02    2.205704e+10    1.589059e-11
161.54766209538 -12.10310889805 3.000000e-02    2.205704e+10    1.589059e-11
161.54766342045 -12.10310753238 3.000000e-02    2.205704e+10    1.589059e-11
161.54766299185 -12.10310718109 3.000000e-02    2.205704e+10    1.589059e-11
161.54766185583 -12.10310716492 3.000000e-02    2.205704e+10    1.589059e-11
161.54766087775 -12.10310795787 3.000000e-02    2.205704e+10    1.589059e-11
161.54766231589 -12.10310698668 3.000000e-02    2.205704e+10    1.589059e-11
161.54766263064 -12.10310885582 3.000000e-02    2.205704e+10    1.589059e-11
161.54753592708 -12.10304234064 3.000000e-02    2.198541e+10    1.581595e-11
161.54753391863 -12.10304444573 3.000000e-02    2.198541e+10    1.581595e-11
161.54753433212 -12.10304225182 3.000000e-02    2.198541e+10    1.581595e-11
161.54753542511 -12.10304230775 3.000000e-02    2.198541e+10    1.581595e-11
161.54753466148 -12.10304206278 3.000000e-02    2.198541e+10    1.581595e-11
161.54753539719 -12.10304489271 3.000000e-02    2.198541e+10    1.581595e-11
161.54753550817 -12.10304464231 3.000000e-02    2.198541e+10    1.581595e-11
161.54753471449 -12.10304224886 3.000000e-02    2.198541e+10    1.581595e-11
161.54753399017 -12.10304367293 3.000000e-02    2.198541e+10    1.581595e-11
161.54753482039 -12.10304376766 3.000000e-02    2.198541e+10    1.581595e-11
161.54739084008 -12.10297225595 3.000000e-02    2.191426e+10    1.574191e-11
161.54739209744 -12.10297129141 3.000000e-02    2.191426e+10    1.574191e-11
161.54739207525 -12.10297134149 3.000000e-02    2.191426e+10    1.574191e-11
161.54739106238 -12.10297341658 3.000000e-02    2.191426e+10    1.574191e-11
161.54739155292 -12.10297181308 3.000000e-02    2.191426e+10    1.574191e-11
161.54739358892 -12.10297216774 3.000000e-02    2.191426e+10    1.574191e-11
161.54739052319 -12.10297235954 3.000000e-02    2.191426e+10    1.574191e-11
161.54739309237 -12.10297202710 3.000000e-02    2.191426e+10    1.574191e-11
161.54739085079 -12.10297318706 3.000000e-02    2.191426e+10    1.574191e-11
161.54739271776 -12.10297275764 3.000000e-02    2.191426e+10    1.574191e-11
161.54811810699 -12.10334678022 3.000000e-02    2.257265e+10    1.643048e-11
161.54811814028 -12.10334670510 3.000000e-02    2.257265e+10    1.643048e-11
161.54811814028 -12.10334670510 3.000000e-02    2.257265e+10    1.643048e-11
161.54811810699 -12.10334678022 3.000000e-02    2.257265e+10    1.643048e-11
161.54811812919 -12.10334673014 3.000000e-02    2.257265e+10    1.643048e-11
161.54811814028 -12.10334670510 3.000000e-02    2.257265e+10    1.643048e-11
161.54811818899 -12.10334674806 3.000000e-02    2.257265e+10    1.643048e-11
161.54811807369 -12.10334685534 3.000000e-02    2.257265e+10    1.643048e-11
161.54811805150 -12.10334690542 3.000000e-02    2.257265e+10    1.643048e-11
161.54811808479 -12.10334683030 3.000000e-02    2.257265e+10    1.643048e-11
161.54723197844 -12.10289198773 3.000000e-02    2.184361e+10    1.566848e-11
161.54723194195 -12.10289166886 3.000000e-02    2.184361e+10    1.566848e-11
161.54723139321 -12.10289351836 3.000000e-02    2.184361e+10    1.566848e-11
161.54723137029 -12.10289286317 3.000000e-02    2.184361e+10    1.566848e-11
161.54723398195 -12.10289459374 3.000000e-02    2.184361e+10    1.566848e-11
161.54723412303 -12.10289387423 3.000000e-02    2.184361e+10    1.566848e-11
161.54723405779 -12.10289396406 3.000000e-02    2.184361e+10    1.566848e-11
161.54723155027 -12.10289476882 3.000000e-02    2.184361e+10    1.566848e-11
161.54723272737 -12.10289281989 3.000000e-02    2.184361e+10    1.566848e-11
161.54723282264 -12.10289487851 3.000000e-02    2.184361e+10    1.566848e-11
